94.5677
28.6826
48.628
417.392
123.017
85.7913
59.0363
40.6424
45.1523
97.9968
78.0234
74.7523
81.107
372
216.398
311.548
329.461
175.675
498.432
78.4105
94.286
94.2252
408.107
423.422
295.361
275.174
87.1625
94.4345
65.2046
97.3745
97.0262
73.428
98.3067
474.332
152.369
195.214
347.755
338.614
407.205
99.6434
374.492
357.833
397.7
391.649
67.8567
94.4917
89.581
87.1931
93.4322
84.7969
116.762
43.1356
286.521
483.088
496.413
88.0993
85.1272
90.6769
72.559
66.9678
98.2433
78.3351
60.774
41.4361
69.9476
91.2161
73.0184
50.4184
42.5443
84.4564
83.0441
41.6414
84.0307
235.81
349.117
351.719
236.006
339.201
134.866
206.228
162.92
327.325
150.905
329.878
277.631
499.729
162.497
368.446
462.743
78.9352
89.9793
69.2761
76.081
96.3504
87.7077
97.7751
76.238
54.3051
54.7356
61.6805
84.7528
86.9971
75.3013
92.071
149.372
438.529
73.0102
95.9907
65.7808
95.3609
84.8713
98.8281
96.0952
86.2553
372.847
252.212
150.011
264.134
408.927
328.655
51.6752
95.5286
171.03
299.063
165.993
127.478
349.731
97.7089
74.9265
76.963
30.104
68.1826
81.0104
236.926
166.471
144.652
111.65
439.498
338.736
115.301
125.094
202.428
251.487
329.167
358.521
64.9871
63.9631
89.7671
78.662
97.5727
41.7319
73.0824
486.073
399.699
174.784
85.0369
89.4513
84.462
54.8105
52.5678
41.0758
50.6405
65.3676
90.8604
95.0681
25.7466
83.0425
40.7352
67.4704
92.1423
99.5978
88.3259
85.36
60.8271
419.516
420.563
301.363
338.921
433.921
452.458
369.635
298.536
258.605
493.476
244.034
382.411
411.773
244.541
388.65
178.637
457.461
62.9001
96.9036
95.2539
78.746
88.845
32.7824
99.6673
36.063
69.9489
32.4791
71.6219
64.3241
354.318
475.989
251.091
60.1261
91.653
37.2817
99.3809
62.6364
99.3549
90.3296
75.9322
403.027
286.825
230.936
244.29
301.42
298.074
365.722
99.5455
79.1688
138.028
411.28
245.392
452.8
31.7229
88.5318
31.9599
68.1961
80.3181
62.9638
97.8182
313.566
450.319
317.9
326.079
464.464
481.587
439.708
320.421
216.264
225.444
475.775
68.0962
174.791
57.6176
65.2224
53.1588
90.6214
46.8185
82.2625
258.888
211.832
203.203
68.2716
97.1519
93.6548
72.783
89.4806
77.3979
71.2495
49.8887
71.4683
82.8748
64.868
42.659
55.8424
90.1282
93.6757
88.8225
95.0132
82.6547
99.7317
274.911
356.035
412.732
214.431
295.651
572.378
128.064
125.288
183.416
361.703
318.851
259.769
374.411
359.669
486.968
130.309
97.6982
96.0818
86.3544
98.7627
90.4618
48.1258
86.3767
83.7238
94.648
90.6432
82.2818
75.2125
66.323
195.325
187.371
480.687
56.5591
77.4485
36.9503
67.8098
97.7518
37.4824
86.6245
93.4199
119.012
373.284
307.008
86.5607
208.186
372.028
62.4739
76.912
156.896
466.509
365.233
319.016
214.315
98.609
81.6195
75.6544
90.5477
61.2328
60.7935
230.46
439.069
325.555
141.226
126.496
166.431
434.35
299.341
357.621
318.488
144.493
105.132
52.8568
97.2416
79.3493
94.1169
77.9352
37.2564
88.5796
168.917
309.095
356.398
86.1418
56.7589
66.554
90.0855
32.5051
83.8693
53.0955
86.799
84.6495
69.643
51.8512
96.5912
78.4724
91.2906
88.5708
94.2189
70.6356
94.5887
31.7049
165.512
204.816
168.798
153.217
184.49
257.383
330.482
477.049
408.594
439.2
326.889
348.121
205.517
332.811
378.153
227.274
287.523
97.2529
99.0321
77.7117
77.9698
99.1168
58.7151
89.1922
89.0219
87.2802
94.1776
82.0871
42.3653
117.965
334.445
398.371
98.1132
83.4141
51.8261
87.1042
78.4521
409.034
88.1475
66.995
330.284
252.765
119.78
499.949
126.341
392.716
92.4537
97.8555
86.0148
319.521
358.312
201.346
422.135
213.847
86.6966
84.1344
87.0426
98.8859
93.7035
96.0177
348.781
182.748
454.291
236.409
203.774
379.088
193.082
153.732
459.233
234.895
162.274
204.41
88.0598
78.0522
92.9152
71.7274
70.2483
43.1608
63.1131
183.528
135.988
218.252
92.7271
92.4991
48.3419
96.0514
95.4216
70.4109
96.6518
97.375
40.6156
88.5499
68.3639
97.9066
90.4603
56.9914
72.4031
98.676
86.5943
56.9759
168.199
425.085
202.355
393.78
424.797
474.654
544.535
181.231
398.975
130.353
184.908
146.362
185.119
412.334
324.123
318.528
170.718
97.9338
77.235
61.3124
84.5389
99.6591
94.5821
77.4531
56.5118
72.0213
89.6235
96.6057
77.2951
53.1015
245.303
171.615
204.37
55.1414
40.7876
58.5206
54.2936
133.222
93.8293
75.0459
72.9533
316.921
350.342
365.847
68.5535
416.117
421.898
47.7503
52.364
97.7322
234.36
422.246
394.398
53.7825
75.9718
77.3182
28.3438
97.2361
72.4819
99.3133
336.424
273.85
319.37
480.823
308.551
140.631
296.621
453.254
466.224
191.635
321.658
40.017
34.641
98.5381
91.6826
85.4446
83.0283
36.3034
33.752
254.125
492.844
362.537
161.348
27.589
79.1901
97.8313
94.7701
40.5879
64.9239
91.632
82.5866
94.1363
90.7191
81.7231
65.2605
68.3163
92.1137
83.2375
80.9207
91.2878
60.8317
416.266
78.6292
83.6884
404.108
490.95
312.982
674.975
300.227
429.244
239.561
197.755
487.701
300.352
414.578
380.379
429.21
96.157
97.6082
75.5414
98.0522
24.8442
63.7158
99.4266
81.4848
249.175
64.6467
99.631
61.7926
35.9401
34.73
186.061
132.499
75.1958
97.0452
57.4686
94.4293
91.6735
462.817
88.2466
54.6571
204.104
111.949
175.87
425.407
405.25
122.797
98.2447
63.8997
74.3652
173.964
218.065
169.635
141.622
94.2719
66.8407
94.9154
84.7956
45.3357
58.6815
96.578
142.201
148.608
161.377
226.306
101.596
326.27
149.23
165.519
452.289
429.709
258.631
39.15
85.4537
68.12
97.5813
78.0774
82.1147
86.4432
71.3723
256.285
499.481
468.568
79.7872
72.9694
95.3949
59.5376
78.0193
99.7132
34.0016
62.9963
87.4465
73.3395
94.1713
66.8845
90.4408
64.8066
96.9639
80.1047
50.3229
91.9436
254.428
90.7278
94.5556
336.65
227.324
129.829
708.838
427.837
186.17
452.718
249.568
462.361
354.571
455.089
117.539
205.837
293.48
68.117
76.1247
44.2827
87.419
97.0164
91.1599
99.1095
251.912
79.5453
57.0827
71.1919
74.3182
95.8546
447.498
131.088
359.734
75.8742
90.6763
67.9369
56.5275
94.8629
192.142
89.3609
62.5194
87.9206
382.78
416.676
72.2129
150.213
47.5218
98.616
80.2151
106.674
453.206
308.967
94.3761
97.7425
73.7558
51.9739
94.0882
69.7671
80.3409
97.6486
205.522
187.527
156.914
442.98
295.794
488.522
283.422
231.979
130.181
92.0159
228.461
251.553
64.6266
70.2277
52.1828
87.9725
88.7025
56.459
77.8035
248.113
435.403
418.341
87.4705
73.3136
91.4967
83.1694
88.5715
75.8803
89.3732
83.8036
97.9172
89.8935
56.203
98.2456
90.5426
77.9417
73.0917
64.3481
77.6417
32.4907
97.8116
419.539
92.3539
78.7142
119.534
839.076
124.929
532.151
155.803
190.421
194.582
222.308
225.626
122.385
421.885
390.719
298.878
300.355
95.2268
79.8668
43.4133
89.7775
78.468
82.0703
152.139
353.19
59.6919
65.8294
85.6313
93.6771
98.6638
389.042
392.41
84.6777
95.4061
72.1543
97.0607
77.7992
72.0633
26.7282
72.9778
76.9684
358.91
372.54
148.007
90.7696
249.812
84.2631
94.5599
73.9925
409.932
139.232
310.179
90.1279
71.884
88.9436
80.7895
99.1596
504.013
38.3578
198.265
129.481
398.23
476.686
290.757
131.984
179.328
117.657
304.948
83.9267
328.946
244.516
311.382
93.4777
77.7801
99.3069
91.23
88.2464
83.5749
59.1269
341.357
166.829
170.746
70.2318
72.4233
53.6701
68.3387
72.69
93.055
88.8835
72.028
87.6181
82.4974
95.2472
83.4477
86.394
89.897
56.4351
40.172
98.6344
78.5574
86.1352
93.0836
92.8174
47.8432
198.332
500.794
587.152
500.436
293.726
497.643
228.689
158.228
454.254
305.897
392.308
234.136
142.252
99.587
97.0515
86.7264
62.58
73.0149
96.1353
177.873
149.409
470.404
84.0182
88.2704
97.6448
78.3108
335.097
366.153
60.2897
84.2518
88.7027
88.0338
90.5359
65.8756
485.003
94.8729
304.143
73.4725
448.438
313.537
94.1673
94.368
438.448
70.8198
80.6862
93.8438
109.987
112.712
83.5585
45.6317
84.1967
93.9873
92.5817
502.648
500.213
90.4568
231.249
239.189
141.789
271.655
147.495
405.716
164.763
250.637
70.8416
284.19
305.2
359.124
246.352
53.0526
34.5755
50.7097
92.4912
84.7801
175.733
481.815
425.425
193.465
133.219
71.8563
77.3046
94.3045
52.263
82.2041
87.5809
60.9216
62.3812
56.7817
73.1638
77.4081
64.0435
91.5466
97.4367
99.8002
76.4348
97.6607
52.82
80.5239
97.5011
85.5996
421.347
568.521
478.24
531.463
761.408
359.938
405.358
116.586
479.654
346.264
194.348
445.529
293.836
281.856
94.3119
81.7121
90.5793
67.321
76.1719
390.874
196.464
199.398
360.31
93.3577
94.3818
83.9115
76.9418
210.787
167.505
60.5014
26.3256
88.1406
72.5832
98.1039
94.4051
212.043
94.7011
333.345
143.342
447.887
77.3096
65.339
90.8815
279.473
69.3693
99.741
69.6749
58.3052
57.5568
68.9937
70.4048
91.9335
83.9788
549.552
554.005
93.431
52.9093
204.574
225.721
306.91
370.049
146.328
212.756
149.139
94.5186
82.6758
390.298
136.847
109.551
51.8024
67.3676
35.3015
86.0039
92.037
53.7881
122.844
447.863
172.202
27.8968
379.101
92.6486
76.6813
94.0199
75.2227
46.762
97.9591
95.7998
56.016
74.0979
62.8409
95.2992
73.3347
73.5405
94.3776
78.8561
55.9341
53.098
69.4523
153.444
72.1581
81.4765
309.413
500.835
765.88
602.561
147.158
279.036
483.618
164.971
463.051
283.212
397.881
403.527
162.953
433.239
25.4688
74.5715
74.9638
72.594
44.4252
127.93
350.851
224.179
62.7845
50.8864
93.5118
71.0571
132.857
117.641
95.3445
91.6153
96.276
91.3423
48.1433
82.9761
474.627
77.6422
432.148
324.019
387.695
392.347
61.4764
55.8936
33.6977
44.8872
46.8556
57.5088
91.7925
94.9641
94.724
98.5031
87.1932
77.2503
46.6978
519.831
68.1022
51.5367
97.0115
87.2788
100.986
301.072
157.69
226.821
101.731
481.588
84.5424
68.7439
271.685
493.613
469.119
94.2319
36.079
80.2188
47.6432
77.9415
68.0118
443.777
351.885
121.314
264.255
115.368
86.5663
84.4155
37.077
50.5994
87.3267
96.9169
75.4318
85.1861
85.6144
55.449
77.2774
54.4294
99.9469
87.6485
31.1337
99.6884
94.9311
83.7808
89.8006
43.4012
62.4944
467.18
575.804
511.048
507.705
266.73
188.708
338.236
362.604
248.839
300.852
240.532
160.992
364.013
91.8695
87.2561
50.5661
99.3606
82.5723
458.391
465.699
267.923
390.258
73.5977
82.9781
40.5641
58.939
232.246
84.571
95.3797
97.3242
96.2622
60.4862
56.9404
53.907
210.365
21.202
470.435
423.933
67.2479
96.0709
90.7685
60.5085
57.4641
75.7933
90.6121
92.3424
73.7818
80.6385
55.1313
91.6833
69.5749
500.151
863.331
627.94
77.1966
52.0201
156.713
95.0788
162.742
117.485
267.177
412.653
382.241
379.671
95.2943
358.377
437.263
197.178
267.336
40.1198
98.6694
64.2956
51.3779
64.507
221.217
407.623
306.922
255.505
370.752
466.63
89.3075
93.4621
89.9279
81.025
66.2461
98.9914
86.406
68.6816
68.391
56.183
99.5454
76.0911
66.9751
98.1652
94.6014
63.6602
59.7393
99.0516
98.4909
98.0897
71.7234
501.387
692.109
974.066
357.368
123.352
438.339
350.576
192.457
451.466
231.578
286.529
199.839
351.544
81.6347
75.4531
80.4892
78.6959
135.13
406.726
119.415
122.355
347.701
47.2938
83.9928
51.7084
264.991
307.151
99.8636
46.3474
58.1086
81.9292
92.7778
89.3611
423.946
76.2989
382.163
411.096
209.543
202.792
91.3346
96.7242
81.5822
71.4071
61.2088
99.8382
99.3921
88.22
86.9258
96.4767
96.4573
44.4059
578.776
514.727
996.279
95.3394
91.4903
92.9598
81.9991
471.287
162.15
197.223
496.834
414.369
71.7416
84.5353
289.228
163.734
97.4215
98.6341
99.2905
56.7463
91.0819
98.288
78.1427
186.713
355.952
359.532
174.801
416.01
87.5209
99.7113
74.6932
47.3395
44.6139
90.5185
18.1487
83.0226
92.5683
95.6331
79.518
81.2705
51.0795
97.1497
57.6132
66.8573
82.5613
62.6537
69.3843
73.3402
47.3123
247.446
882.561
559.141
380.105
367.651
152.373
146.935
344.331
347.582
332.177
308.99
306.665
283.581
315.129
94.8155
49.1952
148.056
93.1908
415.725
469.341
107.05
495.841
75.4112
58.7014
85.16
99.7154
157.02
291.83
97.7434
66.3844
90.4218
69.8839
64.8013
99.8807
485.918
214.852
410.103
177.962
71.3006
93.6951
91.2702
44.4122
78.8173
98.8381
96.1328
88.8552
44.2493
52.3729
67.6402
83.6832
92.0361
544.406
500.974
92.3287
95.3663
82.963
83.0409
91.8516
198.893
394.324
415.729
411.491
427.038
238.996
38.5584
77.9014
261.759
372.309
58.0804
94.9931
65.7092
84.9901
88.3174
95.3272
458.539
279.199
276.979
229.358
122.391
268.016
497.699
87.1183
40.5974
54.9178
87.9254
59.9157
88.2362
92.4195
59.9808
94.3936
65.1155
75.3412
77.4647
42.5806
94.1815
79.1376
98.3729
86.9603
63.9782
73.8828
73.6035
370.701
745.874
586.31
443.976
129.023
334.141
440.286
359.253
322.953
465.787
335.453
234.866
270.734
61.3574
78.0917
78.5788
193.194
230.942
163.543
264.594
339.132
331.595
71.1574
53.8573
42.1285
276.788
136.977
85.5106
88.0296
69.0205
35.4165
64.0044
80.9734
132.807
158.819
208.434
160.268
78.8148
250.681
67.8817
58.7417
80.3923
66.5691
55.9205
83.6691
94.4724
88.2743
53.7138
59.8799
99.3805
83.8792
534.01
987.295
57.6447
39.4557
21.5029
95.8188
354.259
295.999
208.929
359.478
104.674
90.7559
78.5148
64.9671
210.169
441.857
72.9282
81.2636
97.6868
81.8082
84.1737
79.738
87.7647
435.332
196.367
439.148
113.59
470.86
387.147
60.5996
80.8927
91.992
19.513
42.0238
59.056
95.0276
92.0967
97.8466
91.0345
53.045
89.298
48.998
86.1936
85.817
91.5981
66.45
86.6142
57.4034
99.8868
73.5597
146.095
624.127
303.059
433.979
287.069
436.621
225.234
496.072
262.544
173.838
270.311
465.904
369.438
88.7097
59.7021
173.844
94.6557
212.593
372.223
230.21
156.984
74.2783
97.1947
22.9288
97.8973
69.7018
401.868
81.9214
97.7627
91.7304
92.6482
89.7196
81.6848
238.558
491.921
426.26
380.847
73.7021
50.4427
99.7117
78.1566
61.4728
19.9043
35.9767
79.1414
84.8555
83.657
61.3988
86.7336
98.3824
687.353
504.548
502.343
711.702
81.8549
22.6167
85.7484
364.541
474.709
174.332
111.225
338.326
153.96
52.0958
92.9724
410.246
75.6311
99.7196
71.6129
86.0318
69.8846
98.3317
72.621
75.2228
303.867
486.242
246.58
424.484
171.22
424.228
73.8418
82.2066
75.9635
67.3499
73.0177
71.9623
39.1257
96.4006
89.812
87.9541
60.95
63.7152
99.4132
80.9882
74.1853
96.0678
90.7664
93.435
99.0592
65.5056
87.224
148.931
588.135
929.901
173.554
142.405
189.548
417.623
194.681
132.692
328
367.645
490.811
380.855
59.3954
80.5818
186.567
64.8122
67.1942
321.061
155.263
418.892
81.3793
70.8687
63.0114
58.3065
85.9867
77.948
43.8475
56.3954
68.5583
72.6741
69.3062
92.5532
288.12
367.314
214.939
74.3141
82.3797
99.1504
81.9791
95.2186
75.4109
43.2068
45.0162
57.1026
88.4128
87.4065
96.6889
80.0519
504.78
727.392
642.507
503.119
71.9679
68.2611
99.0208
92.1364
444.259
276.615
402.953
193.473
71.8161
70.3194
24.0555
83.7842
95.492
91.6143
90.0109
95.907
63.8117
62.5578
93.8405
94.7681
438.204
429.397
434.059
214.41
411.282
319.893
254.131
92.6065
94.751
484.383
77.6456
77.5074
98.4163
53.6848
91.927
85.432
66.3658
74.232
80.3107
55.98
77.1408
99.0991
61.0274
87.501
90.4238
83.7468
64.1867
988.46
637.023
500.151
411.945
275.746
439.184
317.786
405.918
110.166
462.565
379.569
350.63
233.858
44.1325
63.8231
430.062
197.712
74.3985
230.613
307.478
331.062
88.1886
84.4678
34.7509
60.2572
92.6097
62.2653
95.8833
64.8706
95.8268
80.574
94.3035
190.239
137.36
146.707
324.714
190.224
94.6298
87.0966
89.2799
71.7475
56.7456
47.4642
51.7533
79.2318
74.691
55.0236
87.7362
25.374
44.2642
564.12
503.807
503.382
916.891
97.9903
74.4797
54.8399
88.6908
87.2131
350.217
249.544
437.302
88.3963
79.204
74.3162
76.794
63.7951
99.0407
95.1922
86.2625
20.5322
88.9132
93.1457
86.6453
444.16
278.961
125.942
300.933
422.175
382.759
52.4556
77.4627
222.234
108.355
69.0506
71.4636
58.8756
94.5306
96.597
81.4573
94.923
99.4461
79.9001
74.9658
96.5565
91.2219
85.6983
99.5843
66.2333
84.0014
926.774
716.61
563.618
614.072
344.588
201.925
404.46
398.531
289.961
375.52
112.731
390.671
259.511
26.5192
70.3064
175.824
109.088
307.871
462.341
117.848
430.752
53.3427
73.67
71.9279
46.7462
74.4584
52.9589
93.7647
78.7836
92.9674
80.0842
72.785
69.2414
72.7437
391.549
261.026
245.851
460.115
97.038
87.8541
61.9565
66.9207
99.9228
27.1317
94.0046
86.8202
97.3794
97.691
98.2122
56.9591
85.7087
501.299
552.445
518.695
856.246
99.7438
88.8407
75.061
471.526
93.3971
265.713
261.698
116.582
166.699
227.49
87.7595
55.8959
74.2109
98.9878
76.7859
97.7964
41.9932
72.2143
90.8757
157.575
178.42
370.816
353.575
341.107
345.047
262.302
84.9978
88.3367
176.175
85.1638
51.4205
98.528
177.655
68.6921
86.9786
367.69
91.466
46.9998
82.4674
45.884
91.4823
84.7471
76.1294
93.1191
71.924
96.6577
500
917.846
524.756
500.002
308.319
417.649
467.924
493.658
307.202
440.182
370.543
349.59
77.9981
97.5746
379.306
348.62
343.259
392.439
480.061
456.136
416.504
72.3078
70.9915
46.0372
62.8062
80.1171
93.9963
91.6587
93.2751
81.5355
89.5072
38.6564
264.855
45.25
260.277
370.131
321.194
60.9851
86.2414
91.615
96.3791
24.1432
85.2459
99.7417
92.325
73.0536
61.2689
76.7366
66.4235
59.6606
510.304
629.674
858.923
503.766
24.4035
83.3266
83.8319
241.65
93.3818
221.264
124.102
141.524
354.443
255.053
83.26
82.9299
97.9526
54.6844
83.8169
68.7237
89.5634
72.8083
58.7641
31.0257
478.068
394.141
151.324
416.668
326.53
78.7475
158.489
77.3582
407.649
474.188
95.194
81.7627
99.3073
208.564
71.8214
134.329
65.0033
30.4348
93.8601
36.7661
92.053
60.7998
92.7093
35.2898
61.9023
97.0055
89.0448
93.057
531.644
500.533
279.775
175.6
441.627
464.707
160.093
371.042
409.955
463.422
56.622
69.3133
66.3158
105.872
196.996
292.243
433.994
475.894
151.06
135.795
26.0229
95.1305
38.488
59.8044
44.7564
93.813
94.1166
77.1404
75.9244
87.7844
97.1703
59.9959
138.124
148.924
203.427
89.1415
88.3256
94.509
92.9776
67.4173
77.4925
95.2072
89.3578
75.0397
97.1974
91.0221
75.335
90.4321
81.3187
859.404
667.305
772.124
589.022
83.624
81.4265
74.4471
367.708
73.0758
278.155
493.165
160.544
383.327
281.969
43.0601
91.3805
52.3319
97.1821
49.7396
94.7329
94.6504
93.5619
94.378
91.2479
281.742
207.829
495.401
165.593
84.2129
76.0236
209.329
156.489
398.638
424.335
73.3041
55.8073
382.918
310.516
90.3834
272.739
304.977
81.2163
58.1298
89.3338
80.0802
99.3103
80.3584
52.5675
90.3614
518.128
83.4184
621.182
798.578
88.9001
101.678
302.243
464.761
116.109
307.611
262.422
245.107
313.405
76.3606
78.5228
83.654
273.945
300.506
160.53
498.915
304.202
129.337
77.9755
96.8188
89.3086
85.8246
67.5885
69.2038
49.2779
97.9737
98.8722
92.9177
88.0344
53.8619
321.166
388.437
489.508
400.751
80.7818
71.587
86.558
93.5535
78.3531
66.6378
93.0136
64.8687
95.2563
91.5294
54.4115
41.2841
77.2845
507.541
554.941
809.07
510.845
79.6548
91.5622
74.6398
98.9043
74.6514
382.687
197.464
499.387
153.715
206.296
373.97
81.6385
71.4903
89.081
52.6373
73.2883
88.8814
91.7865
86.7365
64.3441
136.766
348.499
260.848
271.729
192.743
78.4276
72.1818
269.011
100.795
173.654
210.344
67.6243
448.135
156.851
86.9081
406.133
437.227
32.0453
92.4998
81.6891
88.4224
84.9919
88.9877
99.9782
88.9725
94.6483
502.052
515.253
783.205
500
419.209
423.534
423.25
166.612
390.459
360.006
251.833
457.113
55.4504
54.5451
46.1666
367.609
196.86
436.509
131.384
204.318
272.988
450.562
74.9443
56.2092
70.9597
99.9866
99.1399
95.9436
93.4355
96.3526
96.3645
99.6119
66.9264
90.3492
228.045
208.298
102.262
430.937
87.7727
63.8786
56.8573
85.6048
94.688
79.871
88.8989
77.3807
93.4797
93.8589
93.7559
91.5953
51.9464
500.121
986.987
563.901
47.9843
77.2599
73.251
50.8619
36.2881
99.6666
312.308
288.475
124.338
204.536
317.006
78.8457
99.4296
89.7785
58.3907
80.7584
63.8923
59.8103
93.9338
96.7834
131.165
193.445
278.142
139.152
256.131
100.52
71.0701
60.7562
449.651
439.192
209.801
405.451
91.1075
85.9191
324.85
92.6786
334.765
185.761
48.7976
78.8898
88.1609
41.9326
72.0026
91.9899
80.6191
65.8088
83.2316
40.4782
502.878
519.634
99.0763
80.5994
282.885
448.749
224.5
383.692
359.836
329.189
154.687
71.2127
96.0604
62.181
56.8223
56.4274
58.6428
234.177
444.844
293.426
68.2147
84.7682
49.5394
79.5093
49.7702
28.9583
93.8467
60.4996
51.1308
83.4632
58.0837
63.5279
342.867
90.2961
101.046
478.18
46.9567
93.752
88.1215
64.6136
90.4562
63.9576
84.5836
64.9171
93.4587
89.1116
75.4437
88.4594
73.6583
72.9938
710.374
590.535
115.711
86.3629
62.0964
95.5132
85.9868
48.0302
353.883
211.148
491.455
130.214
230.283
96.9166
78.2923
87.9684
87.654
78.7125
65.3056
71.3052
83.0024
54.2534
90.4223
184.002
398.755
331.489
140.295
419.919
430.6
67.5301
204.848
150.638
115.875
260.001
78.07
71.971
215.309
51.0874
102.884
457.703
282.097
91.0095
91.7767
77.009
92.7844
57.468
40.1758
92.6031
42.6123
77.7522
77.6923
83.449
92.1978
67.0847
216.683
231.635
187.191
231.872
496.443
67.2785
88.6618
235.67
85.3279
73.3201
82.5188
93.9426
147.812
279.927
240.122
96.4809
95.6372
68.4046
54.9307
87.8373
39.5734
58.7222
71.3944
66.264
71.8294
90.6985
31.9348
52.2437
99.7657
335.858
218.553
278.87
205.085
84.1293
57.5767
32.6757
98.1799
93.365
81.2608
97.5258
39.6756
63.286
99.4545
62.696
87.6238
81.1076
500.035
770.372
660.482
432.874
60.3505
59.0914
66.6442
83.4355
397.201
462.619
415.424
477.357
116.924
106.164
75.4509
79.4304
84.4074
63.6968
64.0824
92.279
61.5414
84.3271
70.7515
382.026
198.299
453.597
293.091
313.773
360.166
177.656
95.2087
486.145
142.649
434.341
394.364
70.1941
57.5214
363.215
99.9659
374.295
213.404
471.097
88.1642
97.2625
38.4265
86.6284
83.5838
89.0467
54.3502
90.9838
79.3907
540.521
99.5878
84.1563
496.754
226.637
260.574
120.848
346.553
94.4463
81.2882
461.706
65.2021
470.146
49.4135
98.0136
77.9668
89.8257
499.052
29.342
99.4114
56.6765
98.6315
97.7015
77.4381
43.0821
91.4463
81.3402
60.8486
88.2103
89.4804
74.7204
67.0137
88.5369
81.5241
286.007
101.587
357.934
40.9112
91.0548
82.5673
57.6561
82.6382
59.3109
88.2134
74.402
39.1517
77.8403
85.657
96.1914
47.3534
591.886
548.766
388.447
481.766
92.2091
46.1936
78.1671
99.2673
470.467
423.348
130.293
236.229
100.641
93.6256
66.2466
86.6995
82.0468
80.3643
94.3336
92.8659
95.3827
87.6496
98.6586
487.21
333.944
173.943
466.715
234.511
403.613
61.1882
299.813
184.782
270.951
493.902
36.8555
73.3229
490.45
66.002
89.8809
436.214
489.152
320.365
98.6531
99.6055
61.7894
88.5537
75.9657
67.0765
79.1875
93.9327
68.5625
70.8756
87.1981
66.8318
469.934
262.586
194.596
273.203
96.1082
91.3785
52.3459
249
88.9465
86.3968
97.1993
99.1223
379.46
76.6197
89.3048
273.146
35.2611
48.2098
94.2629
63.2706
99.3645
83.1984
73.962
86.2244
92.3135
77.74
91.9986
83.0881
75.8193
99.8101
54.3169
359.904
398.355
83.1378
90.527
83.7154
51.4206
96.3326
98.5061
80.336
92.6478
73.7693
82.4673
84.4259
437.761
92.4928
94.8019
500
881.895
164.649
522.843
96.098
91.573
74.0699
83.5366
110.642
159.408
75.1656
71.9533
486.06
99.1715
85.7333
98.8813
70.9254
92.5567
50.9774
84.315
82.1416
88.8237
168.647
159.889
213.935
185.434
479.62
323.294
253.801
410.183
304.842
485.658
113.177
443.217
92.9674
237.483
194.1
82.6626
116.886
422.458
219.497
282.604
85.2309
96.0161
85.1842
81.4639
90.7504
89.2767
65.6023
92.3993
502.066
73.7906
90.4743
396.791
467.491
194.207
428.922
34.2784
75.2133
90.9789
57.6183
89.0173
92.757
69.2979
94.9889
72.6059
94.9885
485.828
83.1725
82.4746
87.2015
93.2447
65.5846
86.2993
83.8733
80.5152
84.867
85.5539
91.8554
91.5592
55.6979
98.3705
58.6738
435.397
358.397
340.882
66.8628
58.9668
88.5755
82.8767
62.7484
76.9594
86.5583
51.3335
96.0565
242.183
91.8973
226.761
90.2488
87.1964
407.16
191.916
400.373
222.536
616.057
20.861
99.5566
76.9073
76.8793
410.235
55.4525
94.3265
94.1732
63.8833
81.7154
76.554
75.6908
87.3601
44.1819
83.1905
84.7231
98.8272
184.148
446.6
416.807
418.186
214.353
344.953
426.243
192.074
349.563
169.564
110.991
419.14
69.9618
85.2943
313.466
353.719
280.132
220.058
209.744
481.994
197.728
84.3792
98.2399
83.9794
94.7832
85.3279
90.3194
56.2062
58.8285
89.2868
88.6618
433.505
341.484
456.821
102.744
62.2674
95.6297
95.2546
89.6708
96.49
59.7908
50.7988
83.534
46.9015
61.3849
79.7502
96.9829
80.9549
68.9568
85.8101
90.0876
98.5812
82.1529
96.5777
68.5593
60.6602
85.6377
48.1926
74.6231
54.7544
91.9475
296.078
220.102
464.76
466.861
64.7667
98.3144
43.574
77.7543
86.8782
77.5095
67.0521
67.4127
76.464
224.419
93.8078
431.919
94.4998
379.973
229.766
432.184
237.199
500
78.7558
91.1642
53.4792
96.8591
49.7586
497.849
97.9277
85.8538
80.824
82.9837
58.8377
96.7439
75.22
98.0995
61.0179
94.3893
61.3295
97.3397
334.115
363.515
381.153
491.236
261.327
469.211
377.596
434.454
361.567
253.997
336.853
273.224
93.4813
65.2394
346.708
435.844
298.689
237.796
202.263
492.023
400.505
30.1308
91.9524
72.111
42.5837
48.004
77.9998
44.6364
53.9831
66.0082
88.7177
302.036
462.77
128.687
85.6976
95.9028
89.4219
92.5642
90.3255
86.6479
99.9272
74.0856
79.3648
81.5803
92.0911
24.304
78.4792
88.3343
95.7455
87.8933
82.1439
61.6931
86.9739
91.1561
98.4729
72.3003
53.8312
91.9165
84.6788
58.6509
55.7838
363.991
450.527
484.984
78.0497
71.593
86.7961
91.4333
77.2111
96.8557
41.4336
28.5054
470.41
429.178
75.2096
144.47
343.144
110.104
155.202
480.891
121.835
325.352
576.349
32.2251
52.895
43.0633
85.1213
92.7629
458.088
68.2651
58.2602
349.328
99.425
25.9788
90.7885
98.2326
88.0513
87.0288
61.5833
63.4488
390.632
190.37
122.29
314.927
280.511
227.494
171.383
343.534
211.049
415.343
164.99
122.286
126.625
92.7577
349.829
287.756
379.873
121.045
362.258
446.697
423.845
86.9332
95.0911
88.882
85.6144
95.9178
93.2144
76.2701
89.6535
41.5589
82.2606
411.28
411.379
306.904
67.7272
92.4303
94.3812
74.7092
98.2293
79.3751
48.4599
88.8041
66.1029
48.9156
65.0408
97.9972
91.0308
94.085
59.1591
90.3854
69.7214
90.5459
66.2281
89.4395
88.5988
97.1311
92.0145
60.3973
95.1655
98.2086
82.5041
471.683
450.554
403.807
134.835
71.8089
97.0501
90.6749
83.826
94.8238
42.5326
90.9371
78.4
385.932
488.453
54.0383
244.633
362.285
419.538
312.614
479.081
348.392
285.563
543.37
74.6273
53.2865
40.3588
67.0101
167.482
97.4369
82.0156
84.4646
66.7949
93.0058
87.9051
69.9284
51.1633
68.284
89.5794
77.6739
73.6863
128.797
361.442
278.799
131.101
234.073
169.233
472.513
452.385
371.931
262.91
389.826
133.412
390.592
90.9825
302.765
196.296
241.925
406.313
334.715
110.41
125.349
46.2105
94.6951
76.4222
89.97
98.9555
78.9722
90.3474
94.8358
81.4599
73.7844
308.69
217.66
97.2072
93.0092
76.459
45.2249
98.7573
47.5232
83.2272
214.67
56.2111
97.0394
59.5793
75.4169
80.3013
73.36
82.4368
79.454
95.7134
58.317
83.84
82.4639
88.8529
86.7232
82.2827
92.0924
89.5174
40.0661
79.0086
86.8996
241.271
223.58
265.898
60.6507
80.5435
98.8132
93.4062
52.1331
81.1426
80.1998
88.6039
259.082
119.177
490.258
132.163
127.891
409.135
289.667
200.053
240.819
128.116
539.062
99.483
64.5623
76.1224
76.937
65.2664
54.3956
86.7799
58.7921
98.583
74.884
82.7337
95.0699
81.9428
69.409
82.5262
88.528
96.9883
108.102
131.956
364.134
358.023
497.85
339.744
310.512
448.581
144.655
151.057
240.766
211.301
252.504
86.1328
378.285
392.741
228.645
390.659
117.716
264.39
359.473
95.4444
91.0114
89.0892
84.868
99.9622
93.6705
63.4241
58.1522
83.7275
99.5421
392.037
490.287
83.976
75.9532
93.6985
62.033
50.6055
98.7851
82.3962
78.2247
80.4532
88.2237
93.9898
33.8976
75.6557
97.1202
67.1258
90.0265
60.573
86.845
71.7163
99.3154
97.3511
79.471
70.7459
93.6758
48.7874
95.8401
86.118
82.0163
87.776
483.511
138.013
310.425
73.2253
38.8442
88.7219
49.9595
30.045
74.3516
98.9559
93.9411
254.514
118.049
296.848
418.628
272.258
489.776
390.906
469.284
424.652
277.036
500.001
98.0398
70.7787
63.678
93.5002
82.0525
66.0897
90.3284
95.3074
99.3371
65.7235
77.7797
66.0953
82.4602
45.3063
89.0469
53.0302
92.2516
364.177
336.086
285.833
486.375
180.921
473.775
189.492
212.09
106.551
328.061
146.48
321.569
497.941
71.6559
156.155
356.396
444.998
282.633
272.046
415.657
274.77
86.7123
97.9693
77.5749
82.6224
83.0344
84.0156
91.3063
91.3698
80.9375
42.2288
137.015
51.6096
59.5168
80.2761
57.2809
99.3261
90.0322
65.0336
68.8712
82.5612
84.8226
99.4634
94.9558
83.2543
87.623
53.9789
88.1664
87.1077
69.0632
98.2387
70.3907
50.5149
93.7849
78.0767
83.5862
75.4499
86.0018
86.8525
96.6243
96.368
210.107
168.225
401.352
356.727
90.1115
96.862
93.4812
74.3768
85.0906
94.5078
54.5894
93.6246
359.232
246.571
429.769
199.106
173.735
409.474
106.192
320.068
272.529
77.2933
48.4694
24.3537
88.5721
69.0551
60.7977
97.8408
64.9317
87.3673
71.1057
93.4876
99.5489
85.8256
76.9406
84.6295
98.592
97.7012
98.9325
450.674
109.853
371.292
186.321
435.815
185.11
111.487
479.928
323.888
225.698
478.353
357.85
468.686
78.247
72.1201
333.381
453.442
248.656
275.266
164.555
341.466
87.8226
63.2643
81.0657
91.598
95.1068
72.5853
82.0413
92.5167
93.1469
97.216
145.479
94.0928
65.1208
98.7192
92.1433
86.0584
45.2424
99.6062
96.4319
85.6815
51.3702
74.9453
51.5872
96.3525
88.9636
92.1728
57.1595
97.9259
93.3523
35.756
89.2806
90.5666
90.0092
62.321
86.1311
56.8712
92.032
96.0521
98.6657
93.1241
91.3615
139.548
272.497
451.639
63.0751
53.146
70.489
88.271
93.1072
93.1276
85.7346
78.9934
91.7517
344.479
258.531
236.277
345.603
238.596
325.209
117.148
455.765
201.273
77.1338
26.4269
79.9959
36.9685
65.1975
75.6881
96.3642
76.3536
57.2988
45.9848
77.4103
59.6806
79.4034
68.9492
54.5507
73.5285
89.1229
87.0443
179.484
121.305
199.177
420.704
130.892
479.827
456.817
260.251
328.671
389.598
366.963
221.747
69.8879
73.0499
145.777
297.663
443.732
342.441
356.352
430.891
81.2177
98.9828
88.8681
92.4862
90.0183
55.1324
89.1057
90.56
79.0719
73.8507
316.537
37.4785
87.0998
85.2471
54.8397
52.6043
75.5612
77.5078
85.5587
79.5731
70.9005
77.7193
94.5459
98.0894
109.887
34.2321
93.9473
43.7012
70.2946
86.975
75.0332
90.5388
82.5691
69.1223
90.7363
59.2207
83.7657
78.7398
47.3902
97.6845
61.2575
32.8067
174.984
413.734
260.64
92.4122
84.6473
71.9942
80.4604
98.3351
97.4836
87.9049
99.0349
89.1731
87.0493
364.48
320.894
296.369
466.368
250.09
150.966
494.904
37.2658
83.2029
93.9165
85.3041
92.7707
85.2018
95.0396
87.9863
72.7476
92.6313
86.9569
93.2599
81.5168
54.5484
73.5863
86.9933
96.8139
83.5027
76.8025
333.514
299.138
104.004
356.416
258.678
131.39
100.92
297.118
459.992
444.186
286.326
66.3072
42.1676
90.2758
128.043
384.676
290.307
165.102
222.803
188.232
82.8074
61.0589
87.598
48.0621
40.0499
89.1366
72.799
92.7307
56.7688
78.9275
82.4602
70.4502
93.0328
98.2539
53.7434
56.3709
788.978
96.5802
93.2238
63.8213
85.6454
81.8154
90.8579
72.6616
350.772
75.9061
88.5187
65.5259
71.1985
61.2244
63.8893
94.8007
83.1598
45.0249
69.9746
51.3874
96.2064
99.5573
51.576
88.0284
94.8998
193.285
302.704
454.342
371.794
99.2659
81.5937
88.0647
85.0893
38.7681
76.8038
61.0615
99.7397
82.596
486.67
134.855
405.586
119.146
307.501
489.348
117.005
213.597
66.6851
87.0131
58.2648
52.9367
55.8212
70.8689
57.5355
38.8466
76.3036
69.4423
72.3884
96.4098
78.2422
56.1312
87.407
91.1051
49.4766
72.0501
453.887
441.06
60.3567
393.534
419.757
240.588
328.195
390.467
193.488
89.792
198.583
161.978
79.0733
42.8282
75.7712
181.471
413.71
177.986
425.057
443.01
346.85
89.6226
71.9754
76.9036
81.3798
89.1154
70.341
98.0423
56.2841
53.4622
61.26
66.7463
58.4888
89.0547
51.7487
97.8096
347.023
35.6622
99.7881
56.1066
53.0211
72.4922
177.888
43.0008
165.151
75.99
96.6463
57.4182
92.5591
90.6152
63.4537
47.0185
92.2155
83.2791
96.1642
52.5392
95.045
66.661
99.4127
81.2987
97.3012
96.0998
73.5108
297.786
463.618
136.674
65.4576
74.0095
72.7922
44.796
77.8932
86.1163
98.983
99.4459
83.5644
497.877
146.195
126.622
469.377
253.069
438.565
225.721
94.2772
63.1544
86.3614
81.9691
29.5671
69.1674
64.7941
64.2618
89.3695
69.5451
97.9517
91.4189
69.9372
90.4199
75.8236
79.0262
58.7701
89.4877
444.684
443.086
335.48
92.4254
447.828
436.605
433.702
161.693
343.996
414.293
80.4258
187.14
82.1128
73.9614
98.6105
90.6193
496.816
92.9412
172.757
393.112
284.07
93.9238
75.7908
48.9676
40.1507
76.2784
91.4606
99.0575
92.3654
80.6037
94.8745
52.3325
58.6399
87.1777
76.0475
82.9077
83.0083
323.08
87.14
84.1686
85.5523
55.8917
94.5084
71.4802
169.597
70.8629
67.0335
56.1606
63.3182
86.3483
88.2861
96.9736
47.6252
67.6
63.7486
61.8555
97.5133
53.1216
91.6242
65.2409
83.2086
96.5953
423.917
79.5612
85.6102
192.07
87.6399
99.1816
79.3631
87.3152
92.366
37.454
98.7174
76.5947
89.3008
242.048
250.935
417.42
293.206
234.636
77.4322
338.128
371.332
83.4806
99.5846
70.6838
95.2335
94.3118
97.729
86.1774
93.8
199.504
78.5989
85.3849
45.6757
90.3954
91.0494
48.8918
88.7935
72.7364
442.014
418.391
378.905
98.1632
368.882
322.512
325.737
243.087
72.5879
302.593
447.641
94.365
95.0287
63.7892
49.7238
94.5774
91.9659
349.667
177.624
97.8783
125.389
126.781
90.8021
95.7505
54.7344
88.2285
66.1974
66.912
86.4441
89.224
91.4575
94.8368
64.0128
34.9545
97.4355
99.1647
62.8651
368.948
500
98.4407
94.57
71.9439
40.3038
328.248
189.793
499.036
83.0672
87.0687
90.0671
78.7235
91.0699
83.1253
62.1834
80.0789
99.1647
49.4474
42.8503
88.203
79.3824
90.5958
73.9593
32.0523
87.6946
84.9955
94.9169
286.435
126.172
98.3113
78.1179
95.6757
78.659
78.5686
96.7074
98.9689
268.155
72.6635
360.97
265.86
100.332
431.098
88.791
279.565
462.593
68.8422
94.4098
69.6952
60.6211
81.2816
99.4598
88.63
61.4425
486.936
77.4155
86.7149
96.3469
44.7165
60.4555
90.9905
35.7457
95.5069
229.363
368.515
427.489
45.7133
51.78
413.907
366.728
386.192
132.184
88.4755
84.3116
89.9664
290.091
45.2269
96.5309
83.0286
80.1061
373.766
52.4179
99.186
51.9232
83.1621
83.2448
80.4518
98.2595
73.766
98.2188
75.1253
29.4333
98.0649
98.4581
95.5438
84.3003
62.3616
78.9181
94.321
71.9154
228.368
617.881
58.9622
78.7969
96.2858
303.456
460.001
392.466
144.081
85.3387
57.7597
82.8432
59.1572
93.6451
62.0309
86.4121
74.2196
84.0968
85.4804
79.3403
80.3575
90.5181
41.469
95.8711
63.0578
87.034
95.4753
99.8874
46.6349
303.882
377.506
66.4877
83.9785
55.2009
62.9635
72.2182
58.2151
78.9028
177.127
360.683
401.709
250.002
164.012
154.815
66.1177
90.1014
81.9271
99.3312
87.0602
94.5912
73.8114
98.6602
80.371
78.3157
440.485
312.483
96.4164
82.9959
42.996
90.2323
84.3779
48.7076
81.6889
488.779
156.843
480.284
64.1379
89.3694
92.9368
92.0498
305.72
193.135
416.211
67.3919
93.2633
478.81
79.3919
67.2983
74.0117
53.432
50.9776
229.06
55.6683
98.0525
54.9738
64.876
97.5535
93.2629
52.6917
98.5759
78.3363
84.4801
60.0987
77.6279
66.4181
70.6801
84.6629
62.0197
95.8491
79.2889
99.468
138.182
503.076
69.0635
56.2212
95.0522
499.947
489.832
494.668
383.169
46.2198
87.8434
98.8851
65.8907
90.1003
59.1308
92.931
83.662
80.5159
47.7547
83.4179
81.407
61.014
96.0152
66.888
83.0901
62.8123
59.4976
62.9338
130.913
325.687
98.0951
94.9044
67.5134
58.2557
69.1843
87.3889
79.1085
275.793
71.9889
362.362
246.267
455.849
137.292
303.603
73.2593
87.3186
95.2188
97.3899
93.8402
95.0461
74.495
97.1074
89.9215
62.2176
273.763
94.2843
93.1529
90.9827
71.4459
63.3853
72.9893
75.81
86.9683
289.086
284.788
73.7652
89.5858
57.1279
95.311
264.142
457.458
292.905
166.285
86.4695
78.8045
298.127
93.9577
88.2105
76.468
64.7484
47.2113
83.4872
47.9572
98.511
79.1733
78.283
99.7412
79.601
55.0769
96.4235
99.2361
97.7562
97.3346
90.0784
85.4213
82.9003
60.7859
40.161
63.0522
78.7687
112.587
505.335
342.942
72.2806
75.3406
499.837
204.533
314.899
498.87
98.2436
58.2147
80.5294
68.6594
53.5163
78.3757
84.9906
79.5816
75.6743
87.9808
99.893
97.8227
78.5027
94.1616
68.6467
67.0508
94.5121
87.8226
94.5493
142.083
351.405
253.818
44.5389
93.5707
75.1708
75.6387
83.1801
84.304
80.9406
496.917
118.288
411.685
460.927
313.066
424.852
272.083
86.3737
90.7919
92.1844
82.7871
92.876
86.3508
57.9394
68.4146
95.0878
228.013
106.283
96.9876
83.7284
87.1317
75.1528
90.8772
75.901
175.339
183.425
299.752
499.985
81.6348
80.4358
69.1785
85.9758
352.002
354.459
446.291
46.1011
51.1648
94.0063
408.595
96.6333
74.4486
63.8488
91.1028
45.3373
91.5754
79.6618
57.9877
76.4211
66.644
99.4562
87.4135
90.7984
79.0866
90.6899
71.6082
94.6595
91.2453
75.6329
98.9466
83.3775
86.1369
87.5549
509.207
122.047
641.651
82.0418
74.7383
84.6787
477.535
265.008
440.835
269.879
94.8704
92.2439
55.6122
47.0752
88.2597
51.1584
92.1909
85.7016
85.4488
85.0916
58.3974
94.4987
47.6551
91.5824
86.8795
41.2737
85.7234
64.136
64.7607
451.111
250.411
85.1206
63.0781
84.8051
79.6196
75.123
66.2781
80.6309
365.028
484.195
141.438
303.974
405.452
489.8
332.788
360.025
64.6426
49.3363
95.2634
87.8578
86.3246
94.1093
97.8769
78.4443
70.4331
47.273
87.2007
75.1989
87.7642
91.1812
60.9017
43.9949
332.672
83.7176
108.647
122.431
66.3524
44.1459
63.3513
86.8659
63.8861
406.034
325.968
275.866
69.0495
58.4465
36.5843
96.217
64.0827
86.4532
65.915
81.4612
98.1026
67.8423
84.5172
64.9807
84.8808
71.0373
94.1072
74.5224
82.6043
85.6214
77.3456
40.5223
94.5076
79.0756
77.9677
75.5458
636.909
90.4076
92.6391
336.7
501.098
642.386
54.9719
97.0456
461.197
188.308
263.688
357.271
97.214
91.8508
84.1285
94.0851
91.0322
83.8104
75.2024
63.1832
81.6209
80.1525
65.7209
94.2139
45.4298
96.6775
78.4548
92.412
77.3446
74.0725
80.6601
99.1468
160.7
98.5491
70.5266
96.8923
93.5057
94.9188
77.031
82.2973
99.9422
335.327
189.448
251.474
444.118
205.597
258.508
223.351
77.723
37.5945
75.7512
97.7219
76.6291
97.9099
88.0143
97.8862
64.6142
73.0861
80.5145
89.9067
94.1812
91.9945
92.0864
90.8163
94.6811
287.836
153.717
297.249
313.961
87.9637
93.1823
59.7799
83.2229
44.57
211.329
136.03
335.368
94.8238
90.6797
70.3719
96.1357
72.0021
89.2928
99.7808
81.3949
74.4028
83.785
99
61.7343
98.5412
98.3827
73.5632
60.3771
81.3474
80.8198
98.2235
75.2974
55.0623
83.2412
92.4578
63.5019
547.551
86.1246
503.56
284.314
506.308
88.2896
151.939
45.526
363.399
339.759
164.935
492.093
61.5194
79.6888
54.2099
96.4176
55.8357
78.3935
58.4579
78.3963
74.6951
90.3463
72.097
35.5756
76.4294
84.0727
84.9076
82.9453
66.8158
37.8938
93.2035
81.6508
81.3085
95.3784
93.6464
87.5469
27.4678
91.4339
95.5597
74.6908
240.603
115.812
251.04
280.756
410.262
457.675
113.208
95.8869
96.9412
83.6999
93.2075
78.1883
59.8078
52.7165
83.3622
79.3099
89.0829
81.2545
187.134
452.638
52.4905
63.1376
80.5717
98.6154
97.7693
98.1178
455.731
149.507
198.215
59.1073
60.1253
55.7807
65.1175
75.7986
171.889
135.444
55.3155
88.8633
90.5967
94.2317
87.4642
96.7772
55.2085
99.9157
50.7237
88.4767
70.6197
72.3776
73.6212
98.9007
92.8747
85.3096
94.1485
98.8752
89.8234
97.7745
89.3829
68.3999
84.6821
91.9269
84.1448
51.3724
658.054
568.516
644.488
500.439
650.446
94.5813
418.806
206.244
145.166
419.337
83.0865
96.8448
41.3981
73.2943
78.8498
75.7678
93.7415
43.2267
96.8622
98.0198
68.8441
94.1242
88.2497
74.5897
53.1193
77.2552
99.8474
86.4946
88.2137
62.3417
87.4993
83.5643
72.1417
78.2002
85.3461
83.4635
97.4429
96.6711
82.4441
102.531
375.721
293.074
150.094
286.976
467.41
423.379
63.8821
91.8182
64.414
74.9719
94.7026
49.1161
97.2156
86.0873
97.9736
96.0059
117.984
97.5071
378.725
263.117
97.1291
94.1315
68.1632
64.6989
60.8799
96.8947
97.5498
74.0643
60.0047
85.3053
54.6498
79.6675
62.6791
330.885
401.113
87.8836
51.5578
94.3817
73.4104
85.8411
90.0705
71.2868
95.7192
73.6934
25.2428
85.4853
97.9214
92.3216
92.9943
88.5786
85.5099
97.1728
99.1213
500.126
508.241
98.3109
89.7664
94.0184
860.277
783.128
559.057
709.162
510.841
979.428
578.691
512.629
184.595
104.457
491.104
431.192
92.2769
94.3938
79.0311
65.8239
81.2235
85.6471
50.1922
85.2574
64.7134
81.2664
89.0644
90.8475
65.3291
78.0958
91.7755
96.1609
85.085
63.5454
75.7599
94.6903
99.0807
74.5492
77.5945
57.9146
97.0656
80.3149
69.4748
56.0678
78.0052
65.3603
189.589
257.99
426.233
226.946
193.751
94.9196
50.4257
66.832
90.113
97.0585
80.2868
92.0806
98.2348
82.5933
65.7064
91.9132
240.908
461.626
206.742
192.145
460.349
62.0874
55.3145
68.6037
52.2661
377.826
72.5503
53.6702
51.1388
59.7359
69.5884
56.7171
71.9065
140.214
114.347
83.4007
95.8198
97.9609
51.8124
44.0127
75.568
83.656
69.0179
86.6833
98.8859
69.1183
60.2078
89.8304
76.7297
99.6493
92.5514
86.7642
92.5663
502.888
768.618
90.1937
76.442
84.2767
538.115
512.36
584.249
971.773
552.357
515.565
551.4
518.212
220.766
432.062
299.498
258.198
197.248
87.1665
90.9969
89.6949
98.0239
72.9869
61.7388
98.1681
76.2908
80.4608
39.3805
95.055
47.9989
76.8498
81.0221
87.3952
77.8358
82.2379
81.9322
49.0182
54.7608
80.3353
95.2515
33.6054
89.9383
79.6889
90.2226
57.3511
94.0693
68.8736
140.828
361.83
243.795
446.488
125.765
441.804
84.6171
71.1692
93.5462
91.6394
87.1514
88.3407
81.0044
92.7965
50.9475
89.7404
80.7332
178.469
303.235
330.615
120.407
86.7616
89.4274
85.2829
86.1382
38.2902
59.5508
74.0022
93.5286
36.7851
88.7199
86.694
85.8108
92.1943
120.409
438.443
86.0886
91.1524
85.2062
99.6314
89.1082
84.284
68.7925
90.8557
65.9253
95.7634
79.1665
97.1679
85.1888
91.9241
43.5759
79.2309
64.1559
636.461
700.305
504.055
60.6676
76.1926
940.743
643.606
503.301
588.574
704.391
504.635
506.189
823.577
590.431
160.54
352.419
389.076
146.943
447.367
90.7603
78.3157
89.6463
68.6884
82.8174
97.7953
92.0307
66.422
99.3074
95.0933
62.8639
65.5777
53.4395
99.8982
88.6079
79.1523
61.6271
75.1395
59.261
80.4308
53.3504
90.7559
93.1124
75.1073
64.5213
91.5623
71.9439
92.1786
99.6554
361.861
462.356
294.804
316.792
297.027
90.1771
88.5901
89.0166
78.8533
34.9883
95.0843
73.9593
71.896
61.9738
51.0639
67.993
30.4929
254.513
315.875
317.75
160.606
90.7631
84.1512
48.6701
82.821
93.6031
81.9703
47.6378
98.2243
91.3805
86.748
78.7818
73.3905
179.146
193.234
423.727
69.4021
71.2916
99.55
59.2249
70.5448
75.1418
89.7955
36.3184
95.3962
92.7758
25.9725
37.2452
90.332
78.0685
79.5091
70.6796
95.6187
500.088
500.31
99.8525
97.0031
659.97
523.215
546.813
927.158
507.362
500.183
500.189
561.787
938.237
717.564
265.49
343.207
426.916
229.453
78.573
60.9232
61.9963
86.4335
79.8694
61.7951
67.4823
51.9851
89.4815
57.0013
61.5313
75.8009
76.6937
84.0943
99.0818
69.895
90.8353
68.9881
97.4025
81.8536
88.2507
50.006
73.73
77.6761
41.5394
69.1779
69.8492
62.5902
74.0574
270.905
319.875
416.076
357.81
58.4514
93.0931
99.2732
77.855
81.5568
95.3192
78.3506
83.2982
94.0128
42.6366
47.5207
45.0326
65.1627
364.263
479.96
155.354
285.112
80.6278
39.9019
86.7553
76.5484
96.7083
73.577
55.7865
70.6541
76.4823
78.4292
57.4057
90.0728
39.7276
259.996
329.426
89.6093
99.7252
96.8464
44.8302
67.9723
96.1497
36.3701
96.0886
79.2739
63.1076
38.9574
66.9527
78.6476
98.3915
40.7841
96.3988
61.5482
500.001
503.042
531
592.617
79.3939
609.335
749.759
641.534
511.85
599.349
718.285
612.735
500
524.524
574.232
346.603
292.423
415.526
82.3927
85.0252
96.5575
90.3336
65.4877
71.1692
42.8319
95.3901
98.2584
96.7046
98.0048
91.6518
94.6253
93.1099
83.6258
96.3833
74.6715
83.682
69.017
94.2004
92.813
76.4123
82.6307
81.0967
94.5669
84.5189
52.43
70.7994
62.8338
79.0365
438.194
183.263
393.409
471.487
98.1752
57.2933
70.8431
46.306
484.536
75.2062
99.2956
65.36
75.9627
91.0621
78.7893
54.3261
122.765
325.658
481.39
278.607
145.828
25.2593
70.8614
92.8319
146.32
93.6168
50.993
90.2292
87.487
87.2316
98.7692
91.0934
71.4866
116.833
382.864
145.953
80.486
68.9696
92.728
94.6059
442.472
60.5242
83.0439
82.986
78.1135
56.7149
75.7672
85.6313
39.4224
71.5473
90.8199
71.2185
59.388
503.066
537.459
500.008
745.705
509.415
516.42
635.687
926.167
669.328
503.446
591.161
972.581
530.924
801.791
501.937
282.312
367.186
161.123
96.8088
79.004
89.0033
47.9508
73.7657
42.6051
48.4186
95.3002
49.9364
66.3871
93.5499
53.5302
98.1911
95.3373
282.195
85.1446
67.0244
87.655
85.7814
71.4135
73.2604
52.2506
93.1128
78.4817
20.4681
82.5388
77.2304
73.0877
59.2745
475.722
226.245
441.643
318.626
46.8027
142.949
191.625
87.3134
95.8999
214.089
54.0921
63.4936
77.3623
59.2365
56.8904
70.9259
351.586
259.263
281.988
362.694
240.334
88.9276
64.0889
74.776
94.0359
222.22
67.7069
84.2883
87.7701
46.319
91.3674
43.1566
99.9724
80.9336
480.382
145.773
84.742
92.4172
94.1797
56.2132
92.9241
239.62
90.0021
80.9111
78.3349
47.8502
61.5224
93.3458
91.8029
53.1629
73.0168
96.1721
88.7968
903.288
559.526
582.949
860.48
887.28
716.806
514.146
954.459
594.156
762.011
799.901
590.075
711.173
501.459
688.941
435.594
482.549
315.897
88.6585
65.0348
71.2047
95.8113
89.2614
81.1822
60.6314
82.3324
92.1016
76.4989
47.1504
96.0133
85.4922
413.612
95.9878
98.8679
53.0525
54.2967
88.5979
56.165
76.705
63.3299
82.6412
31.7825
85.7073
99.6627
88.635
48.1123
63.3935
77.0266
480.784
375.82
294.378
91.5182
61.63
318.686
73.8409
310.998
336.632
52.6712
64.6437
95.2309
97.7602
62.2125
91.4596
39.1168
348.345
213.689
158.896
124.119
413.704
69.6592
156.298
294.142
432.708
86.7814
88.8155
57.2659
86.3298
76.5676
86.4692
242.987
83.804
289.006
478.86
116.209
364.453
43.6137
85.7854
83.593
306.153
64.8894
55.4248
89.1449
68.8222
96.2243
71.271
74.2203
79.914
73.7906
66.4831
34.5261
94.1893
700.715
513.043
697.181
881.906
715.753
502.634
522.21
550.937
618.706
579.698
547.317
560.902
632.552
500.678
501.992
304.149
386.3
365.01
93.5335
97.7146
67.6994
95.663
62.2683
98.485
67.1697
90.379
96.8354
91.8208
96.1645
93.7081
113.978
168.456
293.127
54.0917
67.336
98.5052
72.8814
85.2359
89.4243
82.4702
49.0075
65.3063
71.3772
87.8727
99.7113
48.8169
86.1601
373.149
416.021
390.021
109.32
48.156
39.1505
165.372
333.535
54.6461
331.909
91.6435
59.8034
46.3945
96.3026
70.8332
85.1613
238.115
251.364
135.614
173.127
131.388
200.247
75.9995
132.234
271.11
129.436
99.2917
64.8094
72.1077
51.9055
59.5485
98.8157
499.659
245.021
499.71
69.2677
92.5313
64.4835
99.925
89.867
98.1694
177.17
85.924
88.9828
96.0022
98.3419
70.3213
21.5482
86.5834
62.5037
88.8652
84.9375
63.8118
92.2179
500.031
503.294
500.004
529.215
541.219
501.001
515.178
502.127
524.623
500.177
690.197
530.848
633.709
606.036
496.106
447.938
385.655
83.2018
75.5224
362.15
54.851
80.0772
27.7003
87.4398
65.8461
49.2353
81.8317
77.4578
98.938
69.1507
245.158
354.982
59.3404
74.8709
80.2402
98.5227
81.821
87.4226
56.3712
85.9303
47.8767
90.4446
87.1202
82.1535
61.8651
23.9551
68.5484
446.431
248.67
173.177
53.0227
62.4282
421.255
231.848
454.673
494.671
54.9163
68.736
64.1365
50.433
52.4982
86.9724
331.935
497.986
334.173
233.252
175.136
384.896
49.713
168.064
242.167
495.172
333.797
270.87
84.268
85.6799
90.1513
90.9316
425.774
48.079
476.838
380.536
97.6589
71.8998
79.2142
64.85
33.0098
45.6069
441.275
472.059
98.9651
81.4255
49.4767
64.8414
65.9396
64.1129
93.2684
77.5733
90.6309
58.5964
86.8071
544.412
958.82
953.116
650.633
500.115
668.193
725.728
505.6
505.074
551.384
81.1102
610.714
568.988
52.5285
103.948
250.544
199.7
317.889
89.9818
307.397
16.3822
85.0288
84.1753
81.0497
43.4285
91.0824
73.0453
96.6274
96.4685
89.8954
78.4665
395.986
90.9981
98.4876
44.8429
85.9143
89.153
98.3449
75.2344
41.8801
44.406
86.4851
68.0059
44.4223
81.9882
70.5837
183.11
95.3561
488.803
394.932
39.1069
198.511
396.209
407.442
380.103
362.442
59.1605
87.9457
71.5816
64.7485
76.1785
65.0516
332.007
472.659
307.072
409.543
388.575
306.924
92.368
457.585
221.504
222.216
283
96.4518
56.5827
97.3781
89.7269
83.851
367.352
346.123
171.531
245.803
79.987
93.3071
80.3888
82.8226
89.3056
185.489
76.67
97.932
89.0154
81.8808
78.8331
78.5025
57.8964
98.706
60.5733
84.1386
40.606
97.8724
833.925
509.496
529.783
668.08
547.262
758.904
568.571
934.336
500.014
519.852
86.2416
501.444
711.1
886.321
82.7451
464.67
402.402
258.078
484.619
63.4274
386.743
73.3111
79.0574
74.8074
78.2962
85.8725
81.478
81.4921
64.2451
92.012
98.8812
207.801
416.611
653.691
76.6618
63.8059
24.9101
86.6791
98.3666
91.8586
92.0928
62.7231
99.3514
56.2453
79.7906
99.1248
37.5806
187.93
63.8232
213.292
81.0728
97.1283
422.796
481.672
174.008
172.574
82.246
69.9477
80.7208
96.076
77.1356
94.5802
133.685
155.378
371.435
130.609
280.932
396.387
235.832
99.6942
232.777
362.389
245.687
243.028
81.7162
80.6632
96.9145
64.8967
239.631
367.937
338.081
324.962
77.4872
80.524
64.7419
95.4944
43.5339
96.5727
110.517
282.276
99.162
95.1974
66.8634
163.258
91.2259
90.7662
65.5554
80.3736
99.4852
870.8
90.2761
554.67
876.333
778.815
573.62
613.169
520.86
503.955
501.213
501.293
540.968
585.367
500.003
500.011
56.1432
235.43
243.221
194.223
434.006
74.1342
154.981
57.3922
77.2879
86.6001
94.2175
84.103
73.5422
70.7988
57.6719
357.147
99.9111
402.897
243.478
780.766
84.2412
62.9057
76.9524
47.2762
63.583
88.9291
33.084
89.7273
49.3976
88.5096
83.0273
99.8057
96.8518
459.086
124.401
179.921
180.398
390.099
88.217
230.316
327.744
317.822
191.305
95.6236
78.6968
52.271
88.7506
87.0351
118.97
449.477
457.398
452.441
264.165
318.988
324.451
92.3577
141.583
312.828
151.952
324.846
352.642
99.7406
96.0768
43.3977
61.9775
69.637
209.995
327.052
83.2251
88.2836
93.5432
87.9842
97.6203
75.4577
393.768
409.41
330.58
98.0145
65.6949
171.567
346.751
94.2254
74.0205
41.7141
73.3818
84.3042
98.2846
751.045
550.443
866.091
511.649
506.609
589
68.9208
81.5858
719.404
500.417
72.9696
747.611
501.768
90.3099
80.689
52.5735
218.653
274.192
83.3112
356.818
221.599
49.8918
73.7332
49.4547
34.7796
99.3188
93.45
79.9024
91.051
85.1922
93.6028
164.024
851.309
59.0256
73.5946
97.8322
85.8286
87.8462
98.5248
73.8748
95.962
88.7382
43.8234
71.723
77.9242
68.3911
126.493
298.082
484.449
496.279
111.429
226.973
326.007
248.857
447.972
219.077
84.1473
96.1578
84.746
76.7767
88.4083
81.5269
352.438
223.148
412.123
403.704
104.84
158.219
343.842
343.965
400.589
297.163
417.212
469.963
279.154
98.8327
53.9038
75.6773
98.0269
85.7375
351.676
280.869
70.2923
83.7966
78.195
51.0916
79.3807
69.7101
109.578
321.218
189.7
88.2439
465.689
439.604
177.229
95.8855
86.5494
77.8841
87.8055
93.2203
77.248
962.053
760.852
508.048
827.1
567.872
576.28
81.2259
57.2438
736.553
536.846
88.9711
500
637.873
43.2601
65.1176
179.57
186.491
391.153
99.1618
428.858
275.574
97.5501
96.0438
66.9896
60.3922
81.49
77.1403
86.8071
360.485
95.8009
416.918
516.134
501.105
86.7749
81.6812
88.0378
65.955
99.1066
84.5103
74.878
60.64
74.6854
66.8731
81.9196
65.2803
82.8447
107.48
440.646
478.895
412.195
363.825
90.1473
443.106
294.703
350.426
110.285
93.649
68.9777
49.842
82.4661
85.3604
70.6853
190.21
494.666
234.918
258.032
223.482
224.43
71.1595
117.325
459.137
475.738
261.08
425.52
65.2702
66.2232
96.3028
82.7727
96.2414
72.8507
72.7104
65.466
72.4454
75.5068
97.3696
87.9921
97.5951
308.102
266.586
446.635
187.787
382.923
154.763
155.041
51.1984
93.925
74.9107
79.1181
60.1636
94.6613
88.7233
536.248
917.916
583.986
519.504
663.187
94.4609
54.2791
503.361
95.4909
83.1435
78.081
995.927
709.333
82.0177
86.2774
170.035
390.954
399.285
399.505
315.967
37.0181
84.9351
80.5718
78.8404
51.7592
83.4932
86.8374
95.2424
427.674
192.041
119.74
515.977
48.3268
94.3801
89.1867
97.3956
73.532
95.943
80.8557
73.5532
85.1632
89.7839
41.1441
95.3579
87.9594
191.539
289.503
240.559
286.758
227.656
268.432
487.287
229.756
130.525
107.614
47.3432
95.1195
95.3917
62.929
77.3409
80.1618
95.3622
443.388
431.303
228.86
434.058
316.297
496.858
461.825
270.089
372.879
229.341
239.29
261.507
83.4432
82.0157
56.0819
65.1143
51.4616
195.31
85.4094
90.009
44.731
38.7047
98.1779
68.7607
86.4929
313.748
209.426
323.405
340.907
293.927
146.448
62.0899
99.726
90.693
71.418
84.0169
52.1536
60.3314
85.9531
500.775
500.489
539.837
573.31
514.171
87.1377
99.2502
513.699
82.2598
91.958
96.6288
91.2031
80.7613
83.7761
431.211
140.085
517.962
348.452
442.102
470.556
61.4179
67.6729
88.9592
88.5344
97.9822
50.5176
67.6013
83.5292
391.713
385.021
629.402
685.831
39.7276
82.1067
67.8728
59.7819
72.4666
77.2041
57.7007
71.1204
67.34
88.328
94.8989
67.0239
189.424
302.359
457.582
333.957
183.901
206.193
461.693
363.354
309.231
294.709
450.801
88.1005
77.2456
62.8477
94.2031
92.4249
90.3891
180.624
230.521
490.503
118.384
196.802
276.583
46.5936
152.76
451.435
146.249
158.362
398.33
72.9408
95.268
94.9295
57.8928
98.1547
48.3557
58.2927
51.396
98.9903
74.4931
79.3491
78.3736
87.9089
239.009
188.246
453.367
142.728
394.559
294.72
98.5935
96.2495
82.2395
98.6262
98.3938
77.0021
99.6622
551.36
511.908
948.286
554.422
737.391
836.58
93.3327
68.1396
40.0583
99.6093
93.9547
65.5684
540.531
76.4949
87.8406
502.102
236.803
610.312
279.443
215.14
285.064
375.37
51.8949
67.1367
81.6696
76.3377
52.6417
63.0734
79.983
96.9355
201.786
504.417
815.951
81.0893
67.5557
56.4162
68.3136
77.7165
87.7701
58.2735
78.4841
80.6571
88.673
86.4367
79.8271
92.517
492.265
106.482
154.606
210.313
371.235
228.382
329.568
363.385
268.308
426.959
94.9837
51.3657
50.9753
98.5748
53.4138
98.2512
90.4088
362.789
195.486
131.807
146.041
425.079
495.906
184.864
338.538
310.245
236.912
234.456
490.061
77.6781
73.0094
87.593
84.3462
98.5512
87.5162
98.8734
89.1074
99.6621
55.2428
72.1309
83.313
68.0649
466.791
173.387
166.431
399.825
366.223
322.187
80.1731
88.7961
86.5484
91.7888
38.3626
52.1051
789.724
47.1862
504.244
600.552
942.37
500.008
79.3398
76.2593
72.5125
509.704
74.2394
91.6886
97.3769
81.5912
74.7055
61.0446
374.774
175.284
710.712
347.082
212.097
393.627
362.583
60.1653
97.2154
78.215
98.9574
87.0197
98.4216
53.755
188.962
458.708
500.027
531.015
95.3432
74.5091
86.1847
39.3498
82.2075
99.4
64.8075
85.5397
91.5525
81.8071
86.6411
327.352
478.829
362.726
328.552
381.084
338.251
301.006
180.777
478.81
374.454
369.03
261.886
95.3343
81.2516
88.525
85.423
89.5483
96.4288
133.57
207.574
152.204
367.25
101.988
229.377
101.184
113.792
151.03
114.729
179.298
40.5559
91.8042
78.7807
94.502
94.7595
94.8826
73.0613
72.3151
62.7831
86.899
45.0543
93.1062
96.2819
92.2158
316.93
416.767
365.993
227.48
351.35
421.524
350.231
77.6124
55.7961
92.605
77.5389
77.388
96.9858
500.561
528.037
500.402
868.165
899.054
912.557
47.9178
97.5395
54.0697
97.4858
87.1347
75.6496
92.0845
56.2987
99.7989
72.4805
500
729.05
490.842
289.243
207.65
478.981
196.721
94.8466
79.849
89.1964
94.684
98.071
94.0169
92.8205
816.605
519.211
501.068
71.4851
87.1604
23.5699
80.7042
59.0424
99.3888
63.3369
63.6578
77.9072
94.6581
78.7368
427.284
126.746
84.006
89.3942
288.067
325.811
340.147
417.804
498.054
235.763
348.046
367.423
38.8443
87.1788
37.0313
38.3211
82.5247
24.1043
255.295
171.043
366.72
227.576
476.091
212.622
219.656
119.9
110.422
208.785
416.161
70.9617
72.5735
85.3616
99.0643
85.3746
94.7227
51.7181
52.7053
80.7134
94.585
71.317
93.928
92.3608
54.444
183.479
235.56
128.211
409.053
353.147
145.681
236.946
84.5451
91.3363
73.4971
95.7321
43.9942
94.2353
502.681
623.96
500.129
662.482
755.846
709.519
88.9719
85.1338
51.8582
85.5817
91.5094
98.2498
86.3576
89.5946
64.102
586.488
552.893
933.604
973.828
124.436
410.272
172.592
442.778
48.2576
56.1023
87.3473
79.2721
93.01
69.5962
94.1217
69.1067
166.853
538.981
599.463
96.1345
76.2309
97.308
97.887
53.5273
46.5907
91.9104
60.2116
67.497
44.5064
82.3679
461.374
461.727
68.4682
40.6702
258.78
283.293
475.72
306.65
390.394
254.404
452.824
82.5314
71.5776
81.8107
65.9027
99.1451
92.0725
58.292
477.46
159.619
339.964
278.684
350.599
208.565
102.614
373.036
185.794
294.351
268.543
94.2014
95.0297
82.354
99.1279
53.4491
92.9918
87.0975
56.0702
52.0122
67.2235
77.5716
82.0467
99.6275
146.156
247.976
346.753
485.105
369.691
139.134
207.493
230.073
59.4352
87.8894
94.9431
83.5256
80.1118
23.3072
586.487
679.303
739.978
502.352
579.901
63.2259
87.6155
97.0279
69.0366
99.3001
52.151
97.6006
83.8355
91.9782
96.1998
581.805
500.172
500
994.827
200.529
137.064
306.59
297.028
89.2425
225.987
69.1929
88.5338
81.3883
82.6083
72.4051
70.9444
565.84
528.846
98.9423
92.4201
91.0532
74.6011
95.6003
98.8854
70.1197
44.2
89.7163
91.263
46.0564
71.1067
179.839
32.7528
80.8338
167.916
248.31
387.579
263.762
151.775
255.428
64.407
89.0237
83.4664
46.8189
90.1081
69.0165
99.0675
64.2017
454.468
209.192
466.949
231.333
383.51
172.672
443.974
428.97
377.057
138.217
430.59
38.3268
83.8959
80.7321
75.1441
84.9106
69.3649
73.3424
96.3384
90.7553
92.933
90.19
81.4875
93.7054
199.883
131.898
91.2062
235.551
474.172
497.389
307.165
441.459
90.7766
186.029
63.9809
84.8377
98.6961
57.5684
970.959
571.698
500.001
582.558
177.833
63.067
86.3519
65.368
48.8484
56.7158
95.0618
95.9286
59.5291
70.5864
68.6551
944.321
550.264
515.849
827.428
533.926
430.107
467.8
434.082
297.79
370.987
290.238
93.2615
96.739
63.0924
69.8464
90.546
89.5236
905.745
589.246
84.8525
81.2546
98.0111
81.1634
64.1107
99.6313
99.4057
85.736
64.2211
82.6988
94.5025
300.594
425.297
80.1379
79.5551
249.602
477.534
411.313
426.73
184.643
218.533
45.1996
97.2732
56.9531
37.0478
91.0553
88.7186
91.6813
66.8987
464.91
436.054
431.725
482.74
310.131
340.501
324.142
206.774
421.372
102.871
167.501
91.6002
91.0004
95.1872
89.9204
99.7652
69.4349
76.8711
99.936
96.5033
77.2094
92.8652
123.397
95.8859
288.646
57.2088
89.4837
376.191
53.8696
305.877
95.3652
66.3956
274.674
25.5341
62.7795
85.0652
98.3524
687.834
504.944
663.966
130.595
355.047
128.784
489.052
86.5841
76.7836
59.7176
49.636
30.4072
79.5492
79.7178
96.3347
726.07
631.108
501.038
539.594
501.054
526.059
456.511
151.641
436.912
389.613
309.842
293.891
61.607
59.106
92.0703
62.8943
95.7235
528.795
881.714
57.7426
54.0815
71.0439
63.4914
76.5766
84.7936
70.0296
90.223
91.3913
42.5442
84.758
341.34
238.243
96.2362
75.6083
143.854
117.152
394.311
278.306
183.339
407.16
89.2124
85.1489
98.6146
80.6211
53.7985
45.6594
85.768
99.2724
77.4697
290.845
349.676
109.038
471.665
498.639
419.746
255.656
444.709
419.105
305.594
322.634
59.038
94.0802
46.4909
92.5364
99.4809
58.5005
77.6857
53.7965
84.534
84.3683
60.4087
263.751
241.901
64.7399
99.8936
485.567
88.0556
91.0668
281.693
38.7505
97.3626
123.462
77.9782
74.8526
500.173
535.34
547.334
597.982
501.862
411.578
301.61
87.3853
475.914
307.32
449.019
82.3857
79.4265
89.4111
84.4908
973.083
586.26
613.518
500.003
869.301
772.294
508.343
241.105
203.779
129.721
188.838
171.057
196.743
26.9565
91.8906
99.674
77.0467
86.0618
942.503
522.692
741.881
90.8025
42.8216
77.7267
93.2243
47.5595
94.6601
82.2125
74.4963
80.6467
96.0766
334.271
426.183
486.663
71.5688
82.4487
257.864
393.121
498.264
157.633
135.708
395.621
97.6079
78.8737
89.8427
89.4843
89.3984
88.2341
81.3009
47.6635
258.986
442.091
257.695
177.812
200.83
428.398
251.94
327.446
303.791
214.743
474.531
93.2327
62.259
79.3881
44.6153
97.5494
93.0901
78.7315
99.3458
80.6016
77.18
46.403
300.108
134.839
69.7796
85.3755
77.7398
227.866
65.3612
355.556
87.885
83.1717
344.453
73.6088
36.7971
95.2951
860.542
697.797
897.338
303.914
740.873
165.459
445.471
348.398
289.236
496.873
117.827
97.4236
66.6685
82.6888
63.723
517.799
715.497
515.212
678.658
826.224
703.166
446.953
401.798
296.87
346.601
376.007
217.048
480.41
79.5466
74.7855
49.8483
88.6983
500.352
502.448
971.774
523.214
84.1051
73.389
88.1127
98.1254
91.5933
85.9458
90.6445
86.9444
75.8848
83.3222
320.277
219.534
41.0005
74.2986
285.924
391.906
262.755
489.248
439.914
177.05
84.6161
61.9515
77.2962
77.4877
51.2935
96.2287
60.9623
54.8054
99.0305
433.685
491.831
144.75
202.607
483.731
415.697
103.467
170.646
336.491
149.836
449.33
93.5086
99.0405
60.9613
99.8358
80.4731
75.1066
81.8284
66.3736
88.8858
64.8475
88.8072
160.174
83.7703
87.6426
93.0181
167.87
312.264
73.6139
151.268
40.411
88.8854
475.706
84.572
98.4235
548.406
504.675
503.527
444.77
897.003
372.029
279.718
85.7346
144.027
211.955
123.646
94.6017
98.7692
84.3658
88.9918
500.8
547.323
784.067
503.376
500.072
514.176
170.277
188.517
337.408
496.077
246.652
155.587
321.807
368.764
46.8888
94.2724
80.6607
79.9547
550.535
532.536
698.008
82.5583
95.0525
82.0905
83.6702
54.2474
61.8636
77.1765
54.2233
93.8099
63.4643
68.9527
185.162
361.834
73.778
271.937
455.982
113.586
153.89
272.877
361.37
402.979
114.209
65.311
89.5696
60.0296
72.7692
49.0059
70.228
196.866
220.764
438.806
103.22
439.478
316.444
123.754
186.491
289.539
424.439
286.075
132.77
48.5544
71.0307
86.874
62.3932
72.9443
99.0925
77.1336
63.865
73.0301
51.8875
56.2749
75.4305
99.9816
78.8617
64.14
83.6849
49.5535
97.3611
84.5976
77.6367
73.1011
246.635
73.042
98.319
76.2434
521.502
500.557
958.012
396.723
162.265
326.543
221.133
269.985
166.226
178.126
211.534
82.7682
78.9638
65.8156
84.9794
531.435
565.219
855.357
525.63
895.479
688.74
181.275
175.09
331.964
491.322
190.182
444.566
409.92
97.8888
70.4906
91.6122
94.2658
54.6358
955.021
892.794
97.4228
90.8867
71.6185
83.3852
75.6882
98.4434
75.4755
88.8425
94.1926
57.8115
93.8256
81.1444
330.598
54.691
82.5515
58.6206
298.485
497.699
471.126
110.832
297.47
189.052
404.41
77.8299
95.2046
79.7847
74.1491
55.9993
95.1016
465.658
255.726
260.3
394.899
483.167
489.485
495.141
320.317
282.611
291.674
227.223
175.815
83.9543
98.8817
88.5769
43.5009
93.4347
90.0852
81.1358
96.6531
76.8722
93.61
92.7728
91.8297
84.4401
97.6211
77.9955
91.9255
57.7414
47.7031
90.0349
89.3346
22.0885
290.499
74.6223
96.2733
83.5397
780.441
500.103
126.009
105.978
245.498
332.555
180.896
256.831
105.257
133.083
80.2741
61.9781
58.2625
59.4419
79.2631
503.578
721.803
549.306
529.344
509.936
241.741
332.57
173.703
168.557
446.167
295.044
103.355
419.602
71.8503
95.3461
86.1617
72.4608
500.652
922.247
590.01
79.6389
28.0427
89.6125
99.1921
88.8984
68.7352
92.8581
98.9704
90.6195
87.1463
81.8015
75.5201
95.8127
96.1829
94.0156
177.275
303.276
187.585
360.752
127.41
173.651
135.087
332.45
86.8068
89.4294
74.649
90.6138
69.5834
272.127
474.78
495.977
250.365
169.75
474.558
322.355
315.542
197.984
262.007
390.066
170.915
353.686
82.6147
83.6143
63.2102
81.7049
94.125
91.2309
90.7165
85.8234
91.8116
69.3106
66.8734
93.1418
87.9357
72.4798
92.7719
94.6408
81.5807
84.0462
70.4579
59.0711
259.59
79.4984
99.6437
74.2103
548.25
518.069
849.982
294.816
448.889
400.954
409.921
334.103
308.906
231.203
98.2499
83.6259
76.4394
84.2714
90.5542
578.793
902.956
741.513
505.257
500.613
399.885
215.686
222.231
245.649
401.365
138.164
275.507
174.603
92.2255
91.4152
77.4531
67.2279
92.8859
992.442
504.612
919.108
33.9459
69.0217
77.4947
59.5828
91.9854
77.2684
94.7552
83.2576
85.6796
92.4576
76.054
68.7853
47.6527
99.4524
84.5435
141.826
307.809
107.117
270.959
430.588
168.747
117.942
76.5697
93.844
63.8899
82.7909
95.4892
87.6543
149.151
336.994
240.676
380.149
190.157
355.039
434.246
104.713
380.773
101.92
460.143
327.828
87.6546
94.8158
84.9152
79.5826
98.0312
56.6639
89.7105
98.7337
93.3361
86.0091
88.4488
67.4813
93.8723
83.7493
73.4374
66.7159
88.9332
27.5335
62.5852
94.9034
59.925
461.634
95.7876
63.0361
91.7587
500.442
588.113
159.478
765.296
361.406
150.829
469.209
301.403
299.083
477.402
93.0221
80.0241
92.5857
503.742
74.6985
543.377
649.1
504.001
769.727
507.729
115.572
430.644
193.102
314.641
483.389
376.438
396.208
93.3775
526.631
47.7543
85.2325
98.6599
500.045
936.77
775.991
502.219
82.894
96.7032
80.8841
91.6227
337.484
67.0316
89.7809
99.9991
50.5713
34.4136
87.1855
84.536
56.5733
71.137
184.142
173.154
63.3818
120.922
390.681
190.853
418.799
195.545
77.0207
74.2458
93.8349
98.5142
96.9692
309.574
362.214
114.56
377.659
447.068
133.414
264.667
448.641
271.286
314.416
376.324
356.044
273.02
47.6272
80.9179
88.0189
46.2024
87.7527
73.6458
99.2873
88.2047
81.9099
81.4708
72.6991
75.4635
61.1644
56.9117
61.0877
74.956
67.8344
59.2388
133.384
83.2595
331.052
58.6605
48.3069
93.6458
92.5771
532.516
585.661
184.178
226.565
188.968
416.233
474.823
137.833
398.38
234.962
92.0926
92.7299
612.654
546.745
76.5942
852.625
510.56
504.697
502.527
592.005
700.874
382.216
471.026
323.395
255.439
372.908
200.683
202.364
66.1366
46.8474
92.4039
596.466
933.544
556.787
563.197
95.5975
940.867
98.0694
66.479
377.594
70.1831
83.9192
83.6226
77.4839
75.934
78.8784
96.2367
93.7346
57.2818
94.2737
271.872
62.9581
93.9732
297.045
121.903
427.913
106.578
158.814
81.5791
88.274
54.062
69.2708
94.7304
258.522
389.258
308.246
195.642
199.92
490.902
175.263
234.019
353.995
116.859
263.256
416.666
427.77
487.672
352.979
78.4832
92.121
46.4481
83.4144
95.2825
94.4734
70.7783
75.7464
45.8383
93.7317
83.6886
70.1016
75.4745
79.0883
90.8193
93.2217
34.3446
86.7474
62.2481
48.3794
79.4798
95.4023
80.4168
799.064
323.318
447.049
370.049
458.496
309.889
309.504
266.691
395.716
66.2609
96.2234
725.889
510.874
52.8622
89.1677
515.587
500.168
508.975
755.252
452.015
608.849
347.404
480.69
128.187
252.077
163.239
309.629
611.91
73.2602
84.0982
596.093
961.394
554.327
500.057
503.922
41.4652
58.6494
83.1875
185.814
303.154
73.7217
84.9156
87.4783
97.5633
49.2882
84.1665
85.665
79.1228
87.8272
441.358
442.381
49.5663
157.433
439.819
239.875
371.893
251.081
80.7066
58.825
97.1685
90.1091
90.1814
130.936
136.59
204.245
170.221
209.463
423.612
367.037
277.301
115.923
120.229
295.336
227.832
325.503
72.2606
412.803
360.329
73.1884
49.5663
96.1269
90.5518
92.7157
86.8021
84.682
98.512
54.1733
51.202
70.7366
76.2868
96.5161
59.1249
70.3685
80.791
56.1504
71.7284
63.7091
98.9147
99.6568
57.0122
530.708
137.357
166.608
230.9
291.746
484.705
389.586
164.587
200.891
60.5797
91.3972
92.8082
505.398
517.327
509.101
76.4977
999.657
952.145
543.788
500.028
562.646
300.596
161.264
423.888
185.343
163.549
400.238
364.915
69.5978
71.1048
19.8903
500.79
517.929
603.004
500.001
81.4863
503.216
500.238
68.8051
192.843
342.408
83.0726
73.5947
93.9988
49.6551
65.0693
65.0869
71.7252
78.5972
52.8773
93.6029
63.1538
91.2035
266.433
85.3872
55.2145
473.291
347.793
70.7446
78.6377
56.8729
77.7336
245.745
157.375
193.875
170.639
223.24
305.75
412.74
484.947
351.235
361.3
260.155
289.542
479.684
174.596
197.482
252.332
273.252
73.6745
61.5653
82.6312
93.1164
95.4175
99.3144
62.7375
95.9253
70.5061
81.9394
60.0263
91.7518
96.8056
88.7111
46.8831
69.1303
84.4697
57.5303
56.7955
84.2991
89.4752
669.32
201.626
141.893
137.499
156.988
146.735
266.956
381.733
313.989
378.789
95.3486
72.6086
73.1963
500.22
507.641
57.9023
502.511
515.214
860.953
65.1199
500
603.006
382.197
647.218
501.046
304.854
142.334
306.001
680.21
53.3578
98.0983
92.4885
504.712
500.079
515.752
616.218
504.766
506.217
42.6736
473.621
299.403
41.8088
308.755
91.4111
75.8892
51.6113
74.5312
97.4175
81.3199
73.8289
76.939
40.7513
52.1311
80.2598
77.7361
28.005
62.9424
75.785
67.7414
37.7246
95.7279
91.2481
25.4867
199.325
138.693
246.935
248.013
277.535
244.405
105.96
352.107
430.356
108.547
243.703
256.573
143.701
331.631
309.064
457.946
495.664
85.1264
76.0121
68.5839
79.9032
79.3326
50.2424
53.5026
95.1147
78.46
49.6513
71.349
93.5026
69.1498
72.7276
66.1294
83.6085
97.8472
92.7536
97.812
65.6881
500.112
863.893
192.974
264.496
250.88
279.087
332.715
203.739
335.294
111.181
90.1651
85.5853
92.6813
500.015
620.434
500.262
88.2251
503.984
516.354
56.7084
57.6257
500.002
481.48
78.4374
597.24
605.146
388.75
301.008
509.522
47.2711
75.6048
93.2908
534.736
687.024
500.195
528.243
906.808
880.942
461.435
476.574
283.56
114.275
99.579
110.246
40.9015
93.1439
64.5994
72.1092
95.0855
63.4025
87.2564
61.6161
59.113
87.4028
82.1904
81.4714
46.4904
77.7567
98.6244
93.2447
49.5798
84.3817
82.6248
484.69
387.426
463.965
321.89
470.918
382.907
215.253
369.963
417.671
229.236
333.92
412.706
369.976
101.411
254.235
214
302.855
84.5579
99.0055
46.2837
96.8664
56.6923
71.0364
67.7717
97.1583
93.0014
94.5455
45.4137
39.7284
52.5996
59.8728
96.5007
69.7391
93.3906
86.8281
58.3145
56.8874
500.03
504.908
329.905
257.694
418.532
376.761
478.059
123.135
194.767
257.507
85.4376
92.5474
92.9778
70.0961
513.344
975.403
83.2696
737.851
513.529
739.287
95.0425
561.036
999.796
99.6781
500.007
527.32
337.14
246.886
374.595
435.004
500.656
63.6626
69.8474
500
513.906
690.461
656.835
534.505
912.57
183.745
401.186
312.424
132.724
209.961
70.9552
93.013
79.0963
91.3101
93.1121
57.1315
86.0458
93.4378
87.0575
95.5318
83.3345
99.5797
86.3015
87.2342
58.1949
88.0036
68.4143
93.5664
63.6414
82.9139
452.55
234.223
451.47
366.712
396.604
207.737
166.894
437.646
306.541
429.929
258.132
378.968
355.186
285.07
401.218
164.718
185.258
95.3901
89.8402
94.5395
79.4128
60.6294
81.6123
83.6807
71.984
90.996
86.9744
89.1163
49.3469
86.8163
90.2015
64.6887
85.8719
59.3715
43.1326
72.104
93.7689
554.907
519.518
357.915
442.933
278.622
201.453
153.794
173.85
320.6
364.887
87.3623
75.9532
87.8085
95.0773
645.889
45.4596
79.4425
511.854
524.389
75.2898
81.8017
88.6615
123.073
43.2376
517.931
613.684
221.336
784.803
679.647
70.2787
60.2551
45.7391
85.609
820.053
636.895
511.097
504.855
874.255
291.904
153.44
382.39
341.222
90.2504
488.953
88.5293
51.0006
46.187
97.546
80.6523
42.6503
78.4389
72.1712
37.8469
82.4372
58.8968
72.156
86.6843
80.544
99.932
55.2975
38.5883
90.2857
77.0119
476.298
89.3011
375.271
149.676
221.705
166.98
73.5456
483.382
382.016
438.297
249.939
444.936
343.815
331.531
310.059
294.847
241.911
121.127
23.0269
86.1449
66.5112
84.7905
69.3488
77.4614
82.4156
97.1695
72.6743
56.8734
76.11
76.5454
51.4875
60.8326
98.1725
66.8714
65.9739
72.0669
89.4965
502.221
520.926
316.482
167.324
242.013
400.466
117.909
126.965
429.727
393.955
40.663
86.883
77.7836
96.3319
81.8676
79.443
80.1255
98.3482
529.887
760.359
58.9653
89.3085
98.3865
262.655
44.0613
515.451
387.896
762.314
542.753
546.999
76.2051
94.312
97.035
502.683
500.678
883.272
593.547
785.208
52.5285
113.086
194.962
123.366
212.19
308.533
341.72
78.314
98.0242
50.7793
68.4704
64.3755
73.1782
96.691
45.592
39.7737
85.9082
97.1422
88.4383
85.2073
95.6312
80.5976
56.5511
60.7416
79.6076
82.4088
183.644
399.112
145.538
352.764
402.733
84.797
82.8566
238.559
408.821
128.411
420.988
265.054
317.949
194.36
329.477
273.476
207.838
68.45
96.2295
97.0875
99.0636
54.5924
79.2701
99.7202
81.4123
79.2573
68.1942
73.482
69.3609
85.6436
90.6671
57.5211
79.395
65.4572
97.0949
99.0532
94.7802
692.343
888.105
384.847
396.024
179.313
470.434
229.771
469.512
488.792
355.698
79.3399
124.407
75.2602
66.9257
56.1185
98.0088
91.3832
512.487
905.351
537.809
90.2643
40.1594
88.6098
94.6981
774.317
507.651
163.931
615.263
534.292
551.791
64.8374
84.9367
96.4624
541.204
662.642
678.426
878.749
59.1417
551.645
385.38
433.674
487.422
179.693
300.573
73.4764
68.3491
63.2286
71.5135
97.4825
96.0748
81.6525
93.3533
87.7213
79.7877
96.9249
83.3588
82.3589
70.9562
53.5877
71.8022
69.9426
98.4067
94.6096
41.6815
123.143
91.3005
368.02
279.607
55.8074
92.4934
87.5715
125.956
484.625
262.183
416.161
236.276
330.729
409.23
312.114
494.485
161.862
72.3608
89.5135
68.6532
47.7654
90.1378
83.7334
55.7144
42.2505
88.9947
82.9574
80.9624
90.7363
69.7263
99.708
81.5509
51.6789
79.2529
73.4878
88.2347
501.561
540.5
309.942
361
430.381
257.072
328.304
107.434
309.267
190.432
350.596
251.138
337.165
97.598
90.3858
83.2951
63.2372
78.9181
550.466
884.842
98.1574
82.548
46.6526
180.607
85.1235
500.488
232.575
516.332
812.983
824.456
93.2804
90.9563
72.1923
40.443
501.395
512.379
505.585
500.211
92.5835
532.123
438.679
183.668
168.875
229.245
73.9546
59.5664
81.5292
73.7652
62.4029
91.424
70.8483
84.4754
90.7554
71.1165
48.1044
94.9882
96.3538
45.2674
99.8418
14.9701
61.5004
80.4506
66.7443
71.7827
107.314
95.2357
31.7409
76.9648
87.2908
70.6948
53.1712
448.608
448.593
495.629
453.974
332.81
368.999
292.881
460.744
442.729
338.686
98.8902
68.5869
59.4797
63.3779
60.3835
97.2119
99.6733
77.8814
72.8668
81.4966
97.0855
99.2982
92.4641
85.0947
53.3212
96.6566
85.1592
91.8581
357.829
54.1082
616.593
549.613
285.414
256.304
171.926
161.008
112.85
110.259
447.448
391.155
283.368
291.423
96.9212
63.8606
62.4356
59.1095
94.6396
552.799
546.64
84.5141
89.8295
59.3689
39.2681
78.5901
92.2455
503.199
772.773
961.965
500.068
988.349
43.7571
59.1197
34.4947
94.3125
683.836
533.066
521.165
90.7758
497.15
466.7
279.964
326.418
288.554
137.991
70.127
95.6447
81.7053
84.1611
71.57
75.7249
75.9058
89.0958
97.248
84.2062
79.2919
65.8584
70.4449
50.1531
98.137
94.4844
80.0874
99.5329
421.533
83.5539
287.634
87.1457
93.1934
158.904
383.334
39.3007
418.548
323.127
172.199
319.366
327.83
499.403
439.901
439.793
106.774
444.477
91.9414
89.2831
87.0033
83.8288
95.551
90.6318
82.8679
90.5172
30.6188
89.316
79.0215
85.4781
94.6671
77.8725
84.9441
79.6455
95.3086
50.0715
127.501
396.338
523.77
716.777
156.206
219.861
342.567
466.178
294.347
277.672
141.755
485.988
427.045
134.933
279.938
68.5779
91.5994
38.812
77.5746
69.7885
527.435
79.9953
98.9703
89.0588
71.956
91.9568
89.3527
540.377
713.111
501.013
890.292
504.277
63.7142
70.1821
85.6068
85.8523
703.324
638.986
706.999
519.833
90.4858
271.896
257.895
390.299
353.387
477.292
496.55
91.1235
89.1999
97.4095
67.356
92.0823
87.6492
92.3435
94.5377
80.6457
80.656
91.3046
61.1818
78.1822
86.8644
57.0626
88.8341
353.657
93.1958
86.2841
99.7073
87.6948
88.2676
98.3276
192.515
41.9787
69.9863
71.7866
435.754
79.8707
74.5277
331.904
129.479
192.726
230.952
342.269
64.9057
82.2285
73.4399
77.1992
93.9141
89.7015
50.3853
99.3315
90.0594
43.0007
89.046
73.3476
99.7015
69.7036
81.2558
81.0716
79.2322
73.6525
77.7175
368.048
38.9836
198.208
517.554
321.667
402.995
287.208
110.013
458.576
285.079
334.728
116.09
467.544
263.357
364.263
88.1806
68.5816
84.3012
91.2513
69.1823
937.8
70.7238
43.1011
78.028
95.9117
93.6504
64.0021
882.772
511.83
714.075
833.289
621.087
84.4464
94.5806
89.8566
65.8997
625.192
569.713
758.181
32.3154
91.7357
467.755
163.212
177.972
486.287
277.223
258.626
61.8074
78.7592
71.7677
99.8397
85.5197
54.1909
80.0872
55.7902
33.1949
84.5703
95.0778
48.6544
87.7086
87.3347
51.7744
127.378
248.321
160.902
83.9544
398.652
69.5162
79.7498
455.166
135.894
82.391
452.899
185.842
496.65
62.2449
274.955
470.024
273.607
465.539
248.932
47.1312
88.0022
92.8559
68.4823
95.7385
60.7088
84.6798
70.6046
98.4625
96.0263
74.3286
81.1127
95.1683
79.5037
90.214
65.6728
91.8674
69.9015
87.1137
436.795
139.745
203.48
298.192
132.932
472.963
254.471
144.512
451.826
487.589
487.258
459.008
290.051
263.502
132.399
84.8416
76.8387
66.0037
75.3178
500.244
887.626
96.4553
21.388
74.0866
77.2564
97.1315
84.5228
503.584
681.841
546.128
501.087
502.576
98.7109
96.9699
70.2333
59.3074
869.937
656.387
605.874
970.475
93.7613
96.3103
344.017
211.483
193.339
130.74
402.639
92.2197
53.0852
43.1566
80.2235
99.918
66.751
49.2139
80.2367
75.5541
89.8672
94.8913
69.4166
60.0209
92.1717
89.8286
93.3913
341.891
419.239
50.4981
84.4149
48.9364
50.3999
75.2145
113.348
498.979
92.4835
332.944
63.3645
94.9203
77.7706
291.253
106.769
363.972
120.221
37.918
69.9859
93.4499
85.6633
87.8448
32.3711
98.4252
76.3403
83.2746
25.7587
88.9523
90.1493
50.494
65.1257
83.1496
84.0741
41.3204
62.4286
98.368
99.7173
75.6716
359.321
286.155
164.244
213.843
168.516
448.568
172.264
353.925
431.109
448.526
238.654
396.652
405.167
125.457
65.0536
69.6849
59.9911
519.252
980.209
795.937
57.3897
87.1477
82.3926
92.66
86.1988
75.5503
568.81
778.621
500.035
738.108
564.527
76.3183
83.4093
87.7334
64.638
615.282
82.6007
652.467
73.0332
92.9907
127.871
248.916
261.931
274.817
219.443
57.5614
60.2002
53.7369
99.3937
99.3767
64.8503
77.3258
72.0031
99.9221
82.3498
83.6988
95.7983
91.1962
89.3305
86.7864
63.917
154.017
194.877
334.945
56.5726
216.918
78.2533
86.9089
87.9738
258.493
39.1688
99.4283
98.9565
82.7411
49.5915
91.2202
211.46
276.001
150.828
82.7685
31.1085
73.4892
84.1364
91.4475
47.8332
71.2103
90.6802
97.1692
68.9698
97.1416
95.8717
98.285
91.6061
98.8585
99.5447
92.2693
98.9619
77.6118
71.1646
83.0496
220.273
454.088
324.818
140.613
248.065
199.864
302.523
284.657
158.287
174.207
151.694
250.883
179.083
232.106
344.602
94.6965
89.7641
59.8204
506.333
922.615
48.0449
95.3201
39.5679
44.041
77.3448
71.7596
524.445
549.478
577.134
824.038
89.108
99.4227
56.0165
44.3692
95.85
86.3252
73.99
96.5088
534.126
38.8237
89.0463
475.819
142.835
491.948
478.257
468.657
82.5122
82.1925
99.0025
53.0138
90.3821
85.4293
85.2539
72.7418
89.7299
71.2148
87.2084
89.2566
96.3906
73.6608
95.3526
94.2012
326.772
102.149
214.139
83.5403
92.872
75.0184
96.5395
59.3585
89.0524
95.915
93.4899
89.9974
69.9837
49.757
51.7345
279.315
175.621
77.8475
76.0079
83.3084
87.495
66.7843
54.8009
90.4617
80.5263
84.7347
99.4146
79.7046
70.5672
104.017
54.7591
76.646
85.9695
33.4162
50.3102
55.3443
79.546
62.2027
65.7972
342.945
269.908
193.705
373.133
461.631
312.154
430.539
127.937
435.288
345.062
240.434
368.414
221.079
358.6
60.2809
82.6833
58.0037
529.745
501.349
500.461
83.099
61.5677
53.703
92.4661
70.8278
73.5953
531.97
586.184
512.692
85.4489
82.8176
51.2659
99.2866
43.7199
64.6323
91.5774
83.2346
669.327
500.332
40.4126
320.518
190.033
252.484
348.832
148.914
80.6519
72.1414
85.2198
22.1657
94.5506
89.8081
96.7462
69.8895
90.9445
50.2241
98.7534
83.9212
68.1637
67.1876
90.3141
72.782
77.4631
462.844
427.42
138.186
107.831
80.507
62.8245
67.826
88.6778
81.2753
86.1145
29.9406
75.0918
66.5461
71.7552
81.4002
115.427
88.4991
84.8661
70.8668
46.8381
92.8923
78.4376
56.9371
70.8687
34.9424
79.2763
79.5288
84.0879
90.4291
473.237
90.7639
99.2373
80.4592
93.5941
76.76
93.7561
89.5146
69.9048
15.0813
471.691
400.95
341.481
131.42
479.128
309.763
162.726
422.407
341.515
201.272
245.372
229.842
394.557
252.883
91.6329
21.9299
89.3622
501.38
507.318
888.403
80.1497
76.1686
82.5014
66.2114
76.4524
95.5011
586.829
640.68
722.688
63.8979
49.3109
80.5632
46.6094
83.9298
94.1336
88.5638
85.2089
582.19
77.8455
265.039
175.588
497.673
447.2
179.424
186.747
67.1452
88.0306
74.5114
70.6356
87.0241
85.9832
95.0806
81.5464
73.2735
88.1893
77.331
72.2154
89.5046
69.4797
66.5631
27.3634
83.7781
74.1065
255.499
90.229
87.6582
99.5972
74.6621
99.2325
88.9541
98.0882
93.0293
74.5544
84.6541
63.2113
56.7166
356.466
42.8291
92.5064
43.819
71.1589
92.5207
94.0353
73.9964
68.3996
79.2889
96.8701
79.4827
62.0502
96.5493
248.377
248.514
91.8564
94.8872
87.8046
92.1445
93.2985
93.8177
48.5925
88.7706
458.528
221.832
122.126
319.385
207.15
231.286
279.079
304.151
445.118
129.476
269.531
135.351
226.218
192.088
211.884
177.8
64.7676
48.0131
500.017
911.08
87.2475
92.7562
78.5178
90.2703
65.0366
89.8623
507.874
500.049
983.239
678.538
81.4297
71.1633
47.9751
87.1693
74.1739
92.8212
70.7027
583.439
90.3605
37.1621
148.083
297.013
49.3823
266.987
270.537
404.821
75.1878
67.7993
86.307
53.5479
89.3934
73.0898
76.9997
71.7486
62.1492
46.0315
51.3288
79.8941
67.7834
72.6174
93.2096
99.5723
269.861
36.657
451.993
60.9213
39.577
85.3623
71.8856
92.9082
42.8466
60.7013
61.5135
83.4632
96.5241
55.7705
47.5402
50.1945
48.7246
94.8196
67.4044
65.768
62.5932
89.3079
95.9805
66.1039
76.3431
61.8116
95.5631
69.0585
76.5336
474.653
467.971
70.24
73.5229
97.9082
70.8774
88.6343
92.2461
82.1246
97.7544
459.264
401.931
106.921
277.113
415.072
165.932
360.238
284.345
387.039
144.264
425.679
269.185
346.977
441.689
498.848
153.404
90.7135
512.457
500.187
679.561
90.5337
73.3792
95.3555
73.4351
62.9598
99.0239
553.798
506.045
502.359
43.9339
74.4645
41.2918
99.1292
95.0529
80.8219
92.5914
96.6217
514.224
39.0548
98.2444
73.0472
97.9348
99.0159
246.08
372.68
98.4857
91.65
61.9481
64.731
48.1089
59.6701
64.5929
82.8372
98.9364
66.4349
74.1227
47.8673
59.6248
88.3864
57.5753
76.5063
95.6853
95.0907
83.474
98.499
63.8045
75.1936
31.1439
71.781
86.6952
81.8102
73.8959
91.4933
61.5883
70.3902
64.204
59.5365
76.3849
89.909
77.9168
54.2198
37.5186
81.6003
59.5227
81.1014
76.4134
87.5835
86.1597
91.5571
98.6761
57.9873
179.023
59.6931
90.4329
84.8488
95.6824
49.0949
90.9573
91.9269
99.8701
129.705
142.588
207.141
312.789
493.776
299.8
219.595
398.233
213.195
366.028
333.625
335.119
442.506
249.52
265.548
219.761
269.149
544.179
822.401
602.248
661.124
19.7557
58.102
85.804
78.5528
63.7313
99.3793
507.893
507.465
621.004
93.5024
68.6014
58.7046
91.9898
95.4508
99.556
76.6965
58.1187
56.605
99.135
56.2007
72.7133
95.947
466.758
240.987
86.2938
63.1247
98.3776
61.1721
60.5648
86.5867
89.2288
55.2779
64.8788
94.5822
94.9597
71.1336
87.6876
93.958
58.7472
96.1097
48.6077
86.0163
82.3694
55.8481
70.8167
70.4933
68.5172
93.6889
64.3723
96.5659
97.1714
83.357
81.3369
37.1553
70.6396
13.4088
57.5359
88.089
96.0587
81.8118
90.7251
76.2085
81.2127
66.2366
91.948
75.1171
66.8961
76.9483
63.5705
77.3913
99.4351
457.134
98.675
71.5151
64.7069
56.6077
66.1317
60.5464
82.7582
71.2309
467.503
360.406
275.796
342.907
239.542
100.256
142.477
433.701
110.098
345.04
465.64
381.578
353.738
490.537
421.214
323.174
84.675
501.834
829.035
682.273
502.378
96.0567
57.8299
97.9807
34.478
97.366
98.3304
935.989
604.713
82.5296
83.9364
93.6079
60.7477
61.7214
45.5104
62.191
70.3074
94.9551
88.9409
53.0364
42.023
53.6278
124.358
286.331
480.657
97.4692
99.2893
92.0465
94.6393
86.6967
75.842
84.1992
81.7212
78.1527
41.881
70.8006
95.4196
78.3521
94.4305
89.1151
89.0464
80.1123
49.0268
79.9681
82.0057
84.9411
78.4426
72.8396
74.5152
86.6547
83.6072
99.6641
99.0041
69.1958
65.9342
